6.855858862400054932e-02 6.765262782573699951e-02 2.399807423353195190e-01 -1.111806511878967285e+00 3.745533525943756104e-03 -3.111597001552581787e-01 -5.551086068153381348e-01 -1.141907453536987305e+00 -4.065033197402954102e-01 -2.240002155303955078e-01 8.849953114986419678e-02 -6.829167902469635010e-02 5.177534222602844238e-01 3.386347293853759766e-01 -7.859820127487182617e-01 -4.058688282966613770e-01 -3.810306191444396973e-01 -1.198175363242626190e-02 1.785489022731781006e-01 1.911390125751495361e-01 5.550778508186340332e-01 3.126366809010505676e-02 6.473661959171295166e-02 1.449173241853713989e-01 5.723365545272827148e-01 4.277153909206390381e-01 -1.658196151256561279e-01 -1.100273244082927704e-02 -5.304126143455505371e-01 2.069045603275299072e-01 5.131854414939880371e-01 4.399586021900177002e-01 4.104893207550048828e-01 3.269523382186889648e-02 -1.784136742353439331e-01 2.280137836933135986e-01 -3.009574413299560547e-01 3.256675601005554199e-01 -2.576577961444854736e-01 1.970354318618774414e-01 1.108526811003684998e-01 -6.361152529716491699e-01 1.058164425194263458e-02 1.359718143939971924e-01 -3.287994265556335449e-01 -1.402641683816909790e-01 3.541390299797058105e-01 2.448343932628631592e-01 -1.382000297307968140e-01 2.755824923515319824e-01 1.480638235807418823e-01 3.303562104701995850e-01 2.221067100763320923e-01 1.854610890150070190e-01 -7.597734332084655762e-01 4.088445901870727539e-01 -4.179171919822692871e-01 -2.318621575832366943e-01 -1.146719604730606079e-01 -1.434401124715805054e-01 -4.144492000341415405e-02 -3.985126912593841553e-01 -3.655407428741455078e-01 3.380011022090911865e-02 -4.908176064491271973e-01 1.741181612014770508e-01 3.731839358806610107e-01 5.635336041450500488e-01 3.394693136215209961e-01 2.933483123779296875e-01 6.133573055267333984e-01 3.686390221118927002e-01 2.600414454936981201e-01 -1.113500893115997314e-01 -4.482301473617553711e-01 9.391930699348449707e-02 8.743813633918762207e-02 -1.912818551063537598e-01 3.758697807788848877e-01 2.402398549020290375e-02 -3.309119343757629395e-01 4.781546890735626221e-01 1.211739480495452881e-01 -7.414225488901138306e-02 -1.530702263116836548e-01 3.015005886554718018e-01 4.174909889698028564e-01 -8.715521097183227539e-01 -1.429820712655782700e-02 -2.574950754642486572e-01 5.676462650299072266e-01 -6.062443256378173828e-01 -2.574859261512756348e-01 -4.358030855655670166e-01 4.996547698974609375e-01 6.421691179275512695e-01 3.537563979625701904e-01 5.461660027503967285e-01 9.891149587929248810e-03 -1.751778721809387207e-01 1.746192723512649536e-01 -2.358595430850982666e-01 4.935629665851593018e-01 7.209596782922744751e-02 4.279157817363739014e-01 -3.136737644672393799e-01 2.402033507823944092e-01 3.111859261989593506e-01 -4.505530595779418945e-01 5.074648261070251465e-01 -1.475881934165954590e-01 -1.846923083066940308e-01 2.949695587158203125e-01 2.111245691776275635e-02 1.332790851593017578e-01 -5.450746789574623108e-02 5.386667326092720032e-03 -6.109566688537597656e-01 2.343524396419525146e-01 4.636954367160797119e-01 1.369284093379974365e-01 -1.475269913673400879e+00 -5.622245371341705322e-03 8.588936924934387207e-02 2.719102203845977783e-01 9.698263555765151978e-02 -6.520922482013702393e-02 5.780285596847534180e-01 -1.743230409920215607e-02 -4.774324893951416016e-01 1.429627370089292526e-02 -1.041802763938903809e-01 4.642417132854461670e-01 6.161025911569595337e-02 -8.882437646389007568e-02 -5.017178654670715332e-01 -4.633197560906410217e-02 -1.723661571741104126e-01 2.206201404333114624e-01 -7.691736221313476562e-01 5.260174870491027832e-01 -1.157875172793865204e-02 1.775904744863510132e-01 -4.417191818356513977e-02 8.276228308677673340e-01 1.889604628086090088e-01 -3.900762200355529785e-01 3.270013630390167236e-01 2.461830526590347290e-01 -5.565364360809326172e-01 2.856222726404666901e-02 1.374803334474563599e-01 -2.245921939611434937e-01 4.612494409084320068e-01 3.525019288063049316e-01 2.483303397893905640e-01 -3.840891271829605103e-02 3.321554660797119141e-01 -1.546292304992675781e-01 3.917014598846435547e-01 7.020288109779357910e-01 -4.023762941360473633e-01 1.235351562500000000e-01 1.149081066250801086e-01 -1.111454330384731293e-02 -7.953446358442306519e-02 8.000336885452270508e-01 -2.419063821434974670e-02 1.344960778951644897e-01 3.176391422748565674e-01 3.354980945587158203e-01 2.259040325880050659e-01 -1.549869477748870850e-01 -5.003443956375122070e-01 4.615960121154785156e-01 3.249816000461578369e-01 5.441428422927856445e-01 1.062853634357452393e-01 -5.010073781013488770e-01 -1.364399492740631104e-01 4.053577780723571777e-01 6.476081162691116333e-02 1.256011724472045898e-01 -2.043916285037994385e-02 -1.662278547883033752e-02 -4.543361067771911621e-01 1.919938325881958008e-01 -7.193069159984588623e-02 -3.497534990310668945e-01 4.096692800521850586e-01 9.699748456478118896e-02 2.432949244976043701e-01 5.887942016124725342e-02 1.302015632390975952e-01 -6.571702659130096436e-02 3.037064373493194580e-01 -2.034319341182708740e-01 -2.170408070087432861e-01 5.498420596122741699e-01 -2.296498417854309082e-01 2.770242094993591309e-02 -1.927481889724731445e-01 6.572011113166809082e-01 -1.451551616191864014e-01 6.169232726097106934e-01 2.375772893428802490e-01 -1.871993243694305420e-01 -3.146875798702239990e-01 -7.495217919349670410e-01 -3.078196570277214050e-02 5.067745447158813477e-01 2.038551270961761475e-01 -1.543171703815460205e-01 -1.295943409204483032e-01 1.176495030522346497e-01 2.674696445465087891e-01 -2.716130912303924561e-01 -1.256895214319229126e-01 6.655155122280120850e-02 -7.625631988048553467e-02 7.175243496894836426e-01 -1.257337927818298340e-01 2.809817492961883545e-01 2.528845667839050293e-01 2.197047881782054901e-02 -3.074504137039184570e-01 -4.561619460582733154e-01 -3.418736457824707031e-01 2.641685307025909424e-01 6.235307455062866211e-01 1.099130809307098389e-01 3.883880376815795898e-01 2.513300776481628418e-01 -3.631297647953033447e-01 1.153210327029228210e-01 2.668741941452026367e-01 -2.316012084484100342e-01 2.068905718624591827e-02 2.836944758892059326e-01 -3.785708844661712646e-01 2.212929874658584595e-01 3.587175309658050537e-01 -1.484154909849166870e-02 2.514052987098693848e-01 3.442277908325195312e-01 -9.005539864301681519e-02 2.068821936845779419e-01 2.129738628864288330e-01 4.112151637673377991e-02 4.046007096767425537e-01 -3.724542558193206787e-01 4.766400456428527832e-01 2.543346881866455078e-01 2.272166013717651367e-01 1.332996040582656860e-01 3.666285425424575806e-02 6.010177135467529297e-01 3.286699354648590088e-01 1.096275225281715393e-01 1.141497492790222168e-01 -1.299811899662017822e-02 -1.939114034175872803e-01 1.385358870029449463e-01 1.825337857007980347e-01 -5.055455118417739868e-02 4.328662529587745667e-02 3.988825380802154541e-01 3.649136126041412354e-01 1.749322116374969482e-01 4.073098301887512207e-01 4.248858392238616943e-01 4.295736551284790039e-01 1.298963725566864014e-01 -1.216542422771453857e-01 2.809889912605285645e-01 -1.034178256988525391e+00 4.546746611595153809e-01 5.717396736145019531e-02 -4.698934778571128845e-02 5.207567214965820312e-01 2.248502671718597412e-01 3.017708063125610352e-01 -1.606365293264389038e-02 1.303653270006179810e-01 3.970845043659210205e-01 2.855821847915649414e-01 -4.493639469146728516e-01 -4.069905355572700500e-02 -1.538627862930297852e+00 1.590809375047683716e-01 -1.610082685947418213e-01 1.733458191156387329e-01 -3.153419792652130127e-01 -1.898753941059112549e-01 8.193131536245346069e-02 -1.974171996116638184e-01 -1.267394125461578369e-01 -8.112403005361557007e-02 -4.913794994354248047e-01 5.043952465057373047e-01 1.501879096031188965e-01 9.102279692888259888e-02 -4.561430960893630981e-02 7.003819942474365234e-01 -6.187782883644104004e-01 -1.885742396116256714e-01 -2.854769304394721985e-02 -4.450926557183265686e-03 2.388158887624740601e-01 -5.748177766799926758e-01 2.503200471401214600e-01 4.407623112201690674e-01 -2.580563426017761230e-01 5.291673541069030762e-01 -9.972050040960311890e-02 2.452577799558639526e-01 -2.428777888417243958e-02 4.153324663639068604e-02 1.992699354887008667e-01 4.835681319236755371e-01 -2.194157838821411133e-01 -3.350953385233879089e-02 -6.456821411848068237e-02 -5.999099612236022949e-01 4.088968038558959961e-01 -6.287637352943420410e-02 2.874535024166107178e-01 -6.874442696571350098e-01 -5.582325458526611328e-01 4.962527453899383545e-01 4.349818527698516846e-01 2.269891798496246338e-01 2.813488543033599854e-01 -2.846063077449798584e-01 2.963016033172607422e-01 1.593871265649795532e-01 -1.957341879606246948e-01 3.226209580898284912e-01 4.165779352188110352e-01 5.357125401496887207e-01 -1.829986572265625000e-01 1.235288903117179871e-01 -1.050208732485771179e-01 1.815620809793472290e-02 2.397549450397491455e-01 -1.368270516395568848e-01 1.908113211393356323e-01 3.853005766868591309e-01 -1.116513609886169434e-01 4.716078341007232666e-01 9.161187335848808289e-03 6.814591884613037109e-01 -9.236789941787719727e-01 7.299754768610000610e-02 1.186742633581161499e-01 3.658939003944396973e-01 2.541079223155975342e-01 -5.079596638679504395e-01 3.536310195922851562e-01 -6.141188144683837891e-01 -6.643150746822357178e-02 1.878432035446166992e-01 4.443007111549377441e-01 2.948853373527526855e-01 -1.929266452789306641e-01 1.418226957321166992e-01 -1.433907449245452881e-01 -4.892688691616058350e-01 5.018190294504165649e-02 3.786065578460693359e-01 -5.194884911179542542e-02 6.074682995676994324e-02 -1.319962181150913239e-02 2.004171907901763916e-01 -6.318029016256332397e-02 -1.520451903343200684e-01 3.915945887565612793e-01 -7.990124076604843140e-02 3.182427287101745605e-01 -3.339162170886993408e-01 4.042990207672119141e-01 3.661345243453979492e-01 3.692805171012878418e-01 -6.514220684766769409e-02 4.603459537029266357e-01 1.603676080703735352e-01 1.573582142591476440e-01 5.677355527877807617e-01 -8.621551096439361572e-02 -2.375106066465377808e-01 2.396488040685653687e-01 -3.816112279891967773e-01 3.377982228994369507e-02 -1.750721484422683716e-01 2.902220487594604492e-01 -2.383060157299041748e-01 -2.613916993141174316e-01 -3.722222894430160522e-02 -3.361675143241882324e-01 -1.520238518714904785e+00 4.293816536664962769e-02 -2.358108758926391602e-03 2.869724333286285400e-01 3.130054771900177002e-01 4.605845510959625244e-01 -8.576158434152603149e-02 -1.785110831260681152e-01 3.634914159774780273e-01 2.077265083789825439e-01 -7.731970399618148804e-02 -1.101309526711702347e-02 -3.053124547004699707e-01 -3.537771105766296387e-01 3.498793840408325195e-01 1.410536617040634155e-01 8.637497574090957642e-02 6.349207162857055664e-01 -4.086507260799407959e-01 -1.486389189958572388e-01 -3.030238449573516846e-01 4.133442789316177368e-02 1.361022591590881348e-01 -3.401145637035369873e-01 3.014746904373168945e-01 2.283776700496673584e-01 7.195326685905456543e-01 -2.476855814456939697e-01 5.311544537544250488e-01 1.392480432987213135e-01 6.581133008003234863e-01 2.617561519145965576e-01 2.983171343803405762e-01 3.743975162506103516e-01 3.182697892189025879e-01 -6.428465843200683594e-01 -4.148254394531250000e-01 1.322490721940994263e-01 4.856774806976318359e-01 2.390061318874359131e-01 1.072439551353454590e-01 3.300640583038330078e-01 -6.765049695968627930e-02 -6.442679166793823242e-01 2.261633276939392090e-01 -5.099416971206665039e-01 1.643769145011901855e-01 1.655808389186859131e-01 7.661317475140094757e-03 -3.715288043022155762e-01 -1.255392074584960938e+00 2.541607022285461426e-01 -2.622790038585662842e-01 3.346363604068756104e-01 -7.462646812200546265e-02 -1.375473737716674805e+00 1.967242956161499023e-01 6.021621823310852051e-01 2.984747290611267090e-01 -4.432669281959533691e-02 2.194771319627761841e-01 1.623400300741195679e-01 2.709246873855590820e-01 3.180940821766853333e-02 -1.088106334209442139e-01 3.367246091365814209e-01 -8.593093752861022949e-01 -3.520961403846740723e-01 5.363314747810363770e-01 -6.989348530769348145e-01 -1.163727231323719025e-02 1.854811608791351318e-01 4.747693538665771484e-01 1.731059402227401733e-01 3.648672699928283691e-01 1.356626749038696289e-01 4.476417228579521179e-02 2.816512286663055420e-01 -7.628159224987030029e-02 3.881912827491760254e-01 3.142834603786468506e-01 6.862216591835021973e-01 3.620633184909820557e-01 2.922375500202178955e-01 -6.891338229179382324e-01 -4.255441129207611084e-01 1.139634009450674057e-02 -3.155785426497459412e-02 -1.536231860518455505e-02 -2.037095725536346436e-01 -6.343671679496765137e-01 1.015073955059051514e-01 1.540148407220840454e-01 -2.168846875429153442e-01 4.144828021526336670e-01 -2.898785471916198730e-01 -6.846928596496582031e-02 4.732418358325958252e-01 -1.533494591712951660e-01 5.108841136097908020e-02 -2.901888191699981689e-01 1.297336220741271973e-01 2.219497859477996826e-01 2.348451912403106689e-01 1.948548406362533569e-01 3.019213676452636719e-01 5.879126191139221191e-01 9.330652654170989990e-02 1.413364410400390625e-01 2.915112674236297607e-01 -9.661544859409332275e-02 -7.456920295953750610e-02 -9.759429097175598145e-02 -1.348689943552017212e-01 1.343951523303985596e-01 -2.606827616691589355e-01 7.640089392662048340e-01 -8.477478474378585815e-02 2.026952803134918213e-01 -1.048399925231933594e+00 -1.277276873588562012e-01 1.376606523990631104e-04 -3.450852334499359131e-01 -1.193765997886657715e-01 -1.073098480701446533e-01 7.765616476535797119e-02 4.922872483730316162e-01 1.579010337591171265e-01 3.567325770854949951e-01 6.053544953465461731e-02 5.251635983586311340e-02 1.711086183786392212e-01 6.610742211341857910e-02 -5.347933992743492126e-02 -6.625135540962219238e-01 1.602794378995895386e-01 2.583213150501251221e-01 -9.396316409111022949e-01 -1.288159340620040894e-01 5.057912468910217285e-01 -3.930995762348175049e-01 -2.659611999988555908e-01 -2.114801108837127686e-01 -3.890122473239898682e-01 -7.583306729793548584e-02 2.425469309091567993e-01 4.393889009952545166e-01 -1.031709551811218262e+00 3.646041080355644226e-02 -7.734257727861404419e-02 1.892898827791213989e-01 -1.594938039779663086e-01 -4.877594411373138428e-01 -9.784482419490814209e-02 -4.681490063667297363e-01 7.012769579887390137e-02 7.962873578071594238e-02 4.465398788452148438e-01 4.855832159519195557e-01 -2.743659019470214844e-01 8.548740148544311523e-01 2.122730016708374023e-01 1.507577896118164062e-01 -4.667209982872009277e-01 -4.219146072864532471e-01 -2.965991199016571045e-01 -4.967298507690429688e-01 3.012395799160003662e-01 4.742705821990966797e-01 3.355409204959869385e-01 -1.609416306018829346e-01 -9.743062257766723633e-01 4.146533906459808350e-01 3.211855292320251465e-01 3.956240117549896240e-01 2.264916896820068359e-01 -4.268718957901000977e-01 -1.186720840632915497e-02 -1.010884642601013184e+00 6.419430673122406006e-02 -3.218963146209716797e-01 -5.541371703147888184e-01 -1.505936980247497559e-01 2.182373851537704468e-01 -7.628910243511199951e-02 -5.168378353118896484e-01 4.359167814254760742e-01 1.781767904758453369e-01 -4.395527541637420654e-01 3.549066185951232910e-02 1.028050705790519714e-01 4.786850884556770325e-02 5.801645517349243164e-01 -3.066752552986145020e-01 2.196333706378936768e-01 7.233588397502899170e-02 2.920657992362976074e-01 4.513319134712219238e-01 5.122326612472534180e-01 3.165598213672637939e-02 9.199030697345733643e-02 2.184489369392395020e-01 -2.365501597523689270e-02 -6.287625432014465332e-01 -3.450852632522583008e-01 1.801673769950866699e-01 -3.229782581329345703e-01 1.046676188707351685e-02 2.885230183601379395e-01 -5.747718214988708496e-01 -1.372224688529968262e-01 1.568867564201354980e-01 -3.524063527584075928e-02 2.591658383607864380e-02 -5.231173634529113770e-01 2.390677928924560547e-01 1.429200172424316406e-01 1.109099388122558594e-01 2.335652112960815430e-01 7.388114333152770996e-01 6.424978375434875488e-01 2.107111364603042603e-01 4.209072291851043701e-01 -1.999844312667846680e-01 6.181865930557250977e-02 -4.098814129829406738e-01 -9.934617578983306885e-02 -2.627020180225372314e-01 -5.592520833015441895e-01 3.632173836231231689e-01 -1.292566508054733276e-01 4.140411913394927979e-01 3.004854321479797363e-01 2.570449709892272949e-01 -7.056659087538719177e-03 4.646952450275421143e-01 -4.141991212964057922e-02 2.922918498516082764e-01 8.038301765918731689e-02 -2.400497794151306152e-01 -2.561055310070514679e-02 -4.572428017854690552e-02 5.991615653038024902e-01 2.918538078665733337e-02 1.651358157396316528e-01 -4.307600259780883789e-01 -5.640731453895568848e-01 3.344618380069732666e-01 4.022526443004608154e-01 -3.382540345191955566e-01 -1.863576024770736694e-01 3.750596567988395691e-02 -2.297510579228401184e-02 3.828662037849426270e-01 -1.116033643484115601e-01 -1.173879392445087433e-02 -1.494484186172485352e+00 2.844298481941223145e-01 2.997469902038574219e-01 4.306945800781250000e-01 -7.725895941257476807e-02 1.797654479742050171e-01 1.779547631740570068e-01 3.661394417285919189e-01 1.410855203866958618e-01 3.185807168483734131e-01 6.486694514751434326e-02 2.207172960042953491e-01 2.493382543325424194e-01 9.631471335887908936e-02 2.727901041507720947e-01 -2.837491929531097412e-01 1.914359927177429199e-01 1.454043388366699219e-01 -1.729086339473724365e-01 1.241571158170700073e-01 -1.221084967255592346e-02 2.692445218563079834e-01 -9.134125709533691406e-01 3.557563126087188721e-01 6.970955133438110352e-01 -3.563489913940429688e-01 1.001117751002311707e-01 1.073631793260574341e-01 -1.145868659019470215e+00 -4.490479528903961182e-01 -1.824358105659484863e-01 -1.379435360431671143e-01 -2.856022417545318604e-01 3.273401036858558655e-02 1.617040485143661499e-02 5.348129197955131531e-02 1.573021896183490753e-02 3.238215744495391846e-01 1.826166659593582153e-01 -1.787196844816207886e-01 -1.764304339885711670e-01 1.568440645933151245e-01 1.005221456289291382e-01 2.727688550949096680e-01 -1.658239029347896576e-02 1.602436006069183350e-01 -2.180820107460021973e-01 1.325390040874481201e-01 1.011288687586784363e-01 -2.028253860771656036e-02 5.706280469894409180e-01 1.922737956047058105e-01 -2.639899849891662598e-01 -1.344301402568817139e-01 3.293216824531555176e-01 -8.508946001529693604e-02 2.072052955627441406e-01 -2.630392909049987793e-01 -3.227381408214569092e-01 2.784211337566375732e-01 4.536285251379013062e-02 4.205202460289001465e-01 -4.686875641345977783e-01 -2.119248360395431519e-01 6.517572999000549316e-01 3.992276489734649658e-01 3.982189297676086426e-01 9.517218172550201416e-02 3.726193904876708984e-01 3.436629176139831543e-01 5.302724614739418030e-02 -4.427681565284729004e-01 -1.717647016048431396e-01 -9.513591527938842773e-01 -1.339343488216400146e-01 2.336118817329406738e-01 3.084398508071899414e-01 7.566536962985992432e-02 4.118052423000335693e-01 -1.141015216708183289e-01 8.395183086395263672e-01 -2.664859890937805176e-01 -3.157204687595367432e-01 -6.221849918365478516e-01 -1.217633858323097229e-01 1.505891978740692139e-01 5.953980982303619385e-02 1.946200877428054810e-01 5.850694179534912109e-01 2.403979301452636719e-01 3.967426717281341553e-01 -3.254181742668151855e-01 -2.599596083164215088e-01 -5.434560179710388184e-01 3.306037560105323792e-02 1.824761331081390381e-01 -1.660179495811462402e-01 6.902422755956649780e-02 6.745144724845886230e-02 4.220494627952575684e-02 -4.607103765010833740e-01 1.302580349147319794e-02 3.726432472467422485e-02 9.466338753700256348e-01 2.836066186428070068e-01 -1.825031489133834839e-01 -4.272279739379882812e-01 -2.227775007486343384e-02 4.238824248313903809e-01 1.281084269285202026e-01 1.613681763410568237e-01 3.591300845146179199e-01 3.852553665637969971e-01 2.794672548770904541e-01 9.292691200971603394e-02 -2.041131854057312012e-01 -8.425832539796829224e-02 7.076099514961242676e-02 1.136783242225646973e+00 4.863784834742546082e-02 1.179014444351196289e-01 3.557943403720855713e-01 1.463086009025573730e-01 5.929459929466247559e-01 7.234601676464080811e-02 5.401999950408935547e-01 -1.836850941181182861e-01 5.639864206314086914e-01 -4.050372242927551270e-01 -6.969921290874481201e-02 4.249796867370605469e-01 -8.464751243591308594e-01 -1.866093128919601440e-01 -2.076170444488525391e-01 -6.389474868774414062e-02 -1.506480388343334198e-02 -4.424501210451126099e-03 3.845719397068023682e-01 1.120155155658721924e-01 -7.470000982284545898e-01 -1.079709082841873169e-02 -4.774142801761627197e-01 1.202028542757034302e-01 2.242765724658966064e-01 -2.653966248035430908e-01 -4.167177975177764893e-01 1.600689291954040527e-01 4.052444994449615479e-01 5.240693688392639160e-02 4.114851355552673340e-01 -1.201555371284484863e+00 -1.586225628852844238e-01 7.168858312070369720e-03 -1.448289752006530762e-01 7.232078313827514648e-01 -6.889185309410095215e-01 1.687956154346466064e-01 4.912156164646148682e-01 2.454392239451408386e-02 -1.286587119102478027e-01 1.707843244075775146e-01 1.151256039738655090e-01 -5.564879253506660461e-02 -1.523948162794113159e-01 2.104087322950363159e-01 -6.390911340713500977e-01 3.433102965354919434e-01 -7.454624772071838379e-02 1.133268326520919800e-01 -7.143216729164123535e-01 -3.764029592275619507e-02 1.073413640260696411e-01 4.446506500244140625e-02 2.653254270553588867e-01 -1.283984780311584473e-01 6.488451361656188965e-01 8.458825200796127319e-02 -4.927273690700531006e-01 3.333301246166229248e-01 -1.825537830591201782e-01 3.481806814670562744e-01 1.590715497732162476e-01 2.190170735120773315e-01 1.675553321838378906e-01 -2.659620046615600586e-01 1.747603416442871094e-01 -2.064443826675415039e-01 2.003768086433410645e-01 -4.147474169731140137e-01 4.787449240684509277e-01 -5.285096764564514160e-01 -2.230059951543807983e-01 -9.590910673141479492e-01 -2.505256235599517822e-02 6.967677175998687744e-02 4.966990351676940918e-01 -9.622776508331298828e-02 -9.934251755475997925e-02 -4.547501355409622192e-02 -5.173289179801940918e-01 4.706355631351470947e-01 2.398222982883453369e-01 -5.592867359519004822e-02 -4.995701611042022705e-01 -4.448644816875457764e-02 -1.292934536933898926e+00 1.857668459415435791e-01 2.684914171695709229e-01 -3.145554661750793457e-01 -2.184561453759670258e-02 -1.051563993096351624e-01 6.925053149461746216e-02 8.468527346849441528e-03 -4.851470589637756348e-01 1.021258011460304260e-01 -7.435956597328186035e-02 4.214784130454063416e-02 -3.395010158419609070e-02 3.721994161605834961e-02 3.601445853710174561e-01 -9.168483018875122070e-01 -4.245024919509887695e-01 4.080015420913696289e-01 -4.659938216209411621e-01 9.671397507190704346e-02 -2.337628230452537537e-02 3.657427132129669189e-01 3.658816814422607422e-01 3.154540359973907471e-01 7.897682487964630127e-02 -5.550013184547424316e-01 -3.667878508567810059e-01 1.145463436841964722e-02 -4.377335906028747559e-01 -1.820644587278366089e-01 -3.960900902748107910e-01 5.241861343383789062e-01 -5.622779726982116699e-01 3.186631202697753906e-02 4.317864775657653809e-01 -2.452152222394943237e-02 1.467851251363754272e-01 -1.448172926902770996e-01 -8.909577131271362305e-01 2.019097506999969482e-01 -2.956134974956512451e-01 5.256509035825729370e-02 3.055394068360328674e-02 1.397467553615570068e-01 4.574146568775177002e-01 -2.875137329101562500e-01 3.369340896606445312e-01 1.376624405384063721e-01 -5.889016389846801758e-01 -2.611671090126037598e-01 1.500965356826782227e-01 -1.367350220680236816e-01 4.853665828704833984e-01 -4.989880323410034180e-01 -1.006838977336883545e-01 1.751916110515594482e-01 -5.699339509010314941e-01 -5.839466452598571777e-01 -2.864972352981567383e-01 8.931867778301239014e-02 1.286288946866989136e-01 1.332047581672668457e-01 -6.095234304666519165e-02 1.247027888894081116e-01 -1.899828165769577026e-01 2.695686519145965576e-01 -4.107526838779449463e-01 4.376049339771270752e-01 4.827690422534942627e-01 2.533017098903656006e-01 -1.182515546679496765e-02 -1.296977698802947998e-01 1.920902431011199951e-01 1.464823633432388306e-01 -3.943589627742767334e-01 -2.857469320297241211e-01 -7.569802999496459961e-01 1.878726929426193237e-01 -5.690695643424987793e-01 1.789279878139495850e-01 4.462617337703704834e-01 -1.326909102499485016e-02 2.618258595466613770e-01 1.477974355220794678e-01 -4.471003636717796326e-02 -1.108667179942131042e-01 3.704617917537689209e-01 -3.189614415168762207e-01 -1.571002900600433350e-01 1.350641697645187378e-01 -2.950878739356994629e-01 -2.542608380317687988e-01 -9.833716750144958496e-01 8.379090577363967896e-02 4.119001328945159912e-01 -3.108672797679901123e-01 -5.489115715026855469e-01 2.209753394126892090e-01 2.712975144386291504e-01 3.794182240962982178e-01 1.245159134268760681e-01 3.733285069465637207e-01 3.071145713329315186e-01 4.653601646423339844e-01 -8.061350584030151367e-01 -1.763293594121932983e-01 3.512628078460693359e-01 6.446900367736816406e-01 3.611100018024444580e-01 -4.390938878059387207e-01 -3.320298194885253906e-01 1.425276398658752441e-01 -1.813109964132308960e-01 1.135452389717102051e-01 -1.672278046607971191e-01 1.148222833871841431e-01 -3.712575733661651611e-01 -7.847092747688293457e-01 -3.190980255603790283e-01 6.884988546371459961e-01 6.886786967515945435e-02 3.201316595077514648e-01 -2.618922591209411621e-01 -1.263526976108551025e-01 2.480884939432144165e-01 -7.417586445808410645e-02 1.175452768802642822e-01 -3.123447000980377197e-01 -2.400330752134323120e-01 -8.049261569976806641e-01 -2.091403901576995850e-01 -4.998911544680595398e-02 4.593636393547058105e-01 -3.665219843387603760e-01 4.134078025817871094e-01 1.040344014763832092e-01 -6.897113472223281860e-02 1.752875745296478271e-01 -4.087154194712638855e-02 2.782503664493560791e-01 8.568866550922393799e-02 3.367521464824676514e-01 -3.847816959023475647e-02 1.440436691045761108e-01 -2.071964591741561890e-01 4.877378940582275391e-01 5.299906730651855469e-01 5.843564867973327637e-02 3.777199238538742065e-02 -1.236426308751106262e-01 -1.683457046747207642e-01 -8.068836480379104614e-02 7.675666362047195435e-02 -1.123364344239234924e-01 -1.038624811917543411e-02 2.107464224100112915e-01 -5.231604352593421936e-02 1.300240904092788696e-01 1.270181536674499512e-01 6.291510462760925293e-01 4.279031753540039062e-01 4.833945631980895996e-01 3.196380436420440674e-01 3.097631931304931641e-01 5.733046531677246094e-01 5.506516098976135254e-01 4.339455068111419678e-01 1.038630604743957520e-01 1.564113944768905640e-01 4.342357814311981201e-02 -4.071440994739532471e-01 -5.555042028427124023e-01 3.279256075620651245e-02 -2.990898489952087402e-01 1.019407734274864197e-01 -4.883369803428649902e-02 -4.272496402263641357e-01 -2.953997552394866943e-01 4.908225238323211670e-01 3.519894555211067200e-03 8.829469978809356689e-02 1.041401773691177368e-01 4.833889901638031006e-01 -1.145017817616462708e-01 -7.095551490783691406e-01 9.928799420595169067e-02 2.855385467410087585e-02 3.129531741142272949e-01 4.810788631439208984e-01 2.114064991474151611e-01 -1.169190704822540283e-01 2.742891013622283936e-01 -3.136432170867919922e-02 -7.423990964889526367e-01 2.377495914697647095e-01 3.884303271770477295e-01 -2.002192437648773193e-01 5.246647074818611145e-02 -3.693728446960449219e-01 4.104021787643432617e-01 -5.770666897296905518e-02 9.767493605613708496e-02 4.659275338053703308e-02 3.359176218509674072e-01 3.979104161262512207e-01 2.481230050325393677e-01 -1.680033467710018158e-02 1.162871122360229492e-01 -1.911759823560714722e-01 -3.591660782694816589e-02 -4.320290312170982361e-02 -3.948435485363006592e-01 -9.853755831718444824e-01 -1.093858718872070312e+00 3.041326403617858887e-01 7.644038647413253784e-02 -2.689044177532196045e-01 1.964080333709716797e-01 -9.290764331817626953e-01 -1.055335551500320435e-01 -1.216137647628784180e+00 -3.379997014999389648e-01 2.506642937660217285e-01 1.587350964546203613e-01 1.843266934156417847e-01 1.838302165269851685e-01 2.734412550926208496e-01 3.938016891479492188e-01 -2.093745321035385132e-01 -2.865608930587768555e-01 5.873416364192962646e-02 3.784873336553573608e-02 1.410714834928512573e-01 1.935792267322540283e-01 -4.503579139709472656e-01 5.736278370022773743e-02 3.311665952205657959e-01 -3.899313509464263916e-01 -5.568119287490844727e-01 1.708570122718811035e-01 -4.107850790023803711e-01 -1.910185515880584717e-01 -3.275268673896789551e-01 1.926936954259872437e-01 -1.135895699262619019e-01 2.372180074453353882e-01 2.180049121379852295e-01 -8.350111544132232666e-03 7.865053415298461914e-02 -2.460907213389873505e-03 -3.881730139255523682e-02 -4.740288257598876953e-01 4.818282127380371094e-01 2.702703773975372314e-01 -8.561477065086364746e-02 3.255790770053863525e-01 -1.550151500850915909e-02 -5.759564638137817383e-01 -8.303040638566017151e-03 1.162374019622802734e-02 -5.582740306854248047e-01 -1.400460600852966309e-01 -6.147908419370651245e-02 -1.565761327743530273e+00 8.903566002845764160e-02 3.891873657703399658e-01 2.580921053886413574e-01 2.072567492723464966e-01 -2.951484322547912598e-01 -1.802582144737243652e-01 1.307801753282546997e-01 -1.547646969556808472e-01 1.444410160183906555e-02 3.578760027885437012e-01 -8.053082227706909180e-01 2.464431375265121460e-01 -1.157319471240043640e-01 -5.744025856256484985e-02 -1.349576562643051147e-01 1.786283850669860840e-01 2.093579471111297607e-01 1.595237851142883301e-01 3.577381372451782227e-01 5.679081082344055176e-01 -1.937299594283103943e-02 -7.167820334434509277e-01 4.001572728157043457e-01 2.371588349342346191e-02 8.597280830144882202e-04 1.396473199129104614e-01 -3.758355975151062012e-01 2.198245823383331299e-01 -3.743519186973571777e-01 1.710020191967487335e-02 3.417395651340484619e-01 -4.704076051712036133e-01 -3.439856767654418945e-01 -7.995288372039794922e-01 -6.267400383949279785e-01 -9.289439767599105835e-02 6.672073602676391602e-01 -5.038586258888244629e-01 1.284072250127792358e-01 2.261642664670944214e-01 -1.031239390373229980e+00 -2.055410146713256836e-01 -4.989153146743774414e-01 5.862739086151123047e-01 2.246276140213012695e-01 -2.592656016349792480e-01 1.729006320238113403e-01 -2.067020535469055176e-02 -1.206791847944259644e-01 5.654404163360595703e-01 3.284064531326293945e-01 1.892982125282287598e-01 2.237613499164581299e-01 -2.666630744934082031e-01 -4.653066098690032959e-01 1.862397640943527222e-01 2.147652506828308105e-01 1.746042370796203613e-01 2.738103270530700684e-01 2.169611603021621704e-01 2.202122211456298828e-01 5.602060258388519287e-02 -4.089007526636123657e-02 -7.038751989603042603e-02 1.321282982826232910e-01 4.480606615543365479e-01 -1.324484229087829590e+00 -4.807379841804504395e-02 8.305985480546951294e-02 3.810517191886901855e-01 -8.829417228698730469e-01 2.467043250799179077e-01 -1.523646265268325806e-01 4.004324972629547119e-01 1.843736767768859863e-01 3.874365389347076416e-01 4.219732433557510376e-02 8.268950879573822021e-02 3.751659989356994629e-01 -5.609028935432434082e-01 -4.828283786773681641e-01 -2.849484682083129883e-01 -2.799899280071258545e-01 2.375458925962448120e-01 5.426812916994094849e-02 -4.381847679615020752e-01 2.581233978271484375e-01 -1.090329438447952271e-01 1.686634868383407593e-01 2.418522089719772339e-01 -8.647067844867706299e-02 -6.632525324821472168e-01 3.605993688106536865e-01 -4.760946631431579590e-01 8.428997993469238281e-01 5.203564167022705078e-01 -7.544065713882446289e-01 -2.213349342346191406e-01 3.813996613025665283e-01 -6.544787883758544922e-01 8.890358805656433105e-01 -1.250366717576980591e-01 1.127140894532203674e-01 -8.696436882019042969e-02 -2.584676146507263184e-01 -5.273772031068801880e-02 5.497977882623672485e-02 -1.046614944934844971e-01 1.483203172683715820e-01 -5.047543048858642578e-01 4.331620335578918457e-01 2.867276072502136230e-01 3.245903849601745605e-01 2.701227962970733643e-01 4.025050997734069824e-02 -6.125011295080184937e-02 2.940968871116638184e-01 -4.012638032436370850e-01 1.598586700856685638e-02 1.596854031085968018e-01 -1.559335738420486450e-03 3.638187348842620850e-01 3.263248801231384277e-01 7.822722196578979492e-01 1.861698925495147705e-01 -7.035050988197326660e-01 -3.218400478363037109e-01 -1.486773788928985596e-01 8.269762247800827026e-02 4.000490307807922363e-01 1.038661599159240723e-01 -1.674836128950119019e-01 1.985138356685638428e-01 1.772246882319450378e-02 -2.420534938573837280e-01 2.300246357917785645e-01 -1.022021695971488953e-01 -6.930711269378662109e-01 -3.012709319591522217e-01 -1.868885755538940430e-01 4.954532384872436523e-01 -2.396037802100181580e-02 1.407341212034225464e-01 -1.028499007225036621e-01 -6.257830858230590820e-01 -5.183454155921936035e-01 -2.742985188961029053e-01 2.422437965869903564e-01 -4.242585599422454834e-02 2.883445024490356445e-01 -4.585868418216705322e-01 -5.114140510559082031e-01 4.576820135116577148e-01 3.227868378162384033e-01 -2.184737473726272583e-01 6.543061733245849609e-01 1.592022180557250977e-01 -4.445932805538177490e-01 2.283033430576324463e-01 -3.480610847473144531e-01 9.109936654567718506e-02 4.173337817192077637e-01 -2.962701916694641113e-01 -1.050398498773574829e-01 -1.169734448194503784e-01 -2.417510002851486206e-01 -3.172856569290161133e-01 3.470582962036132812e-01 4.377450942993164062e-01 -2.514610439538955688e-02 3.207216560840606689e-01 -1.665350049734115601e-01 4.034668803215026855e-01 5.895965918898582458e-02 4.139301180839538574e-01 -6.980490684509277344e-01 2.995941936969757080e-01 8.918527513742446899e-02 9.853295236825942993e-02 1.564289182424545288e-01 -2.767220735549926758e-01 1.303244084119796753e-01 -8.525769114494323730e-01 1.067711319774389267e-02 -6.603326648473739624e-02 -5.867846608161926270e-01 1.595760285854339600e-01 2.830732464790344238e-01 7.952538132667541504e-02 -1.030952334403991699e+00 -9.040445089340209961e-02 4.624261260032653809e-01 2.405077964067459106e-01 1.527680605649948120e-01 1.504883766174316406e-01 1.372790634632110596e-01 -6.223031878471374512e-01 -4.846695810556411743e-02 1.789901405572891235e-01 5.020601153373718262e-01 1.941000521183013916e-01 1.875207573175430298e-01 -2.853018045425415039e-01 2.247971668839454651e-02 1.847378164529800415e-01 3.543395102024078369e-01 1.411803364753723145e-01 -3.173059225082397461e-01 2.147313952445983887e-01 8.164936900138854980e-01 -2.735358774662017822e-01 1.592518091201782227e-01 3.051608800888061523e-01 -1.734703481197357178e-01 -2.740539610385894775e-02 8.222419023513793945e-02 -8.882541209459304810e-02 -5.801125168800354004e-01 1.926095187664031982e-01 4.493854045867919922e-01 1.487755626440048218e-01 3.779102861881256104e-02 6.924163550138473511e-02 -1.421053856611251831e-01 1.214793100953102112e-01 7.739522308111190796e-02 6.237188726663589478e-02 2.839310765266418457e-01 -2.075559496879577637e-01 -7.379338890314102173e-02 1.102681607007980347e-01 -6.351320743560791016e-01 5.344840288162231445e-01 4.399044811725616455e-01 2.482997477054595947e-01 -3.646969199180603027e-01 -6.165588498115539551e-01 -1.829876154661178589e-01 -5.736085027456283569e-02 2.339338213205337524e-01 -2.092291265726089478e-01 -7.002487778663635254e-02 4.436252117156982422e-01 -1.059750467538833618e-01 -2.159243822097778320e-01 -4.406615793704986572e-01 1.873107254505157471e-01 -1.269069612026214600e-01 -1.009961962699890137e-01 2.305491268634796143e-01 4.136816412210464478e-02 1.446342915296554565e-01 7.101423144340515137e-01 4.635644257068634033e-01 3.710749149322509766e-01 -3.588593900203704834e-01 1.567834317684173584e-01 8.838968351483345032e-03 8.697689324617385864e-02 -2.392749637365341187e-01 3.038451671600341797e-01 3.923445045948028564e-01 -4.154452681541442871e-01 -4.169835522770881653e-02 -4.651155471801757812e-01 3.022836744785308838e-01 2.141615748405456543e-01 8.048708736896514893e-02 2.676914334297180176e-01 -5.038594454526901245e-02 4.626997113227844238e-01 8.283031731843948364e-02 3.312535285949707031e-01 2.196556925773620605e-01 8.117466419935226440e-02 -3.668582141399383545e-01 2.079079598188400269e-01 1.726445257663726807e-01 2.688030898571014404e-01 -1.744877696037292480e-01 5.714353919029235840e-01 3.569320142269134521e-01 -2.177342213690280914e-02 7.195246219635009766e-01 -2.761923372745513916e-01 2.758232653141021729e-01 -2.679021060466766357e-01 -4.763329923152923584e-01 2.649994194507598877e-01 5.447049066424369812e-02 -1.999510228633880615e-01 -6.771865487098693848e-01 2.859052121639251709e-01 1.632102578878402710e-01 8.269266784191131592e-02 1.175807863473892212e-01 -6.039584279060363770e-01 2.934811115264892578e-01 6.630709767341613770e-02 -1.086342334747314453e-01 -5.827895402908325195e-01 -1.795979291200637817e-01 8.221609890460968018e-02 5.470023155212402344e-01 -1.863850355148315430e-01 5.637403726577758789e-01 7.139794826507568359e-01 -3.968222439289093018e-02 -3.311591744422912598e-01 -1.319895684719085693e-01 -1.447140574455261230e-01 3.737927377223968506e-01 2.538274824619293213e-01 4.383430182933807373e-01 -3.406767174601554871e-02 -1.977707296609878540e-01 5.719848871231079102e-01 8.248551487922668457e-01 -1.757799685001373291e-01 -3.164514899253845215e-01 -2.354054898023605347e-01 1.710747480392456055e-01 -1.507126986980438232e-01 4.452944099903106689e-01 -2.856147289276123047e-02 -4.380641877651214600e-01 -3.001049757003784180e-01 -2.762759029865264893e-01 2.606877684593200684e-01 -8.569279909133911133e-01 -7.569827139377593994e-04 -2.609635591506958008e-01 5.005928501486778259e-02 -6.886405497789382935e-02 -4.693856462836265564e-03 3.590689599514007568e-01 5.173593759536743164e-01 -4.475561529397964478e-02 -2.034349739551544189e-01 -3.144159913063049316e-01 -3.298970460891723633e-01 -6.861850619316101074e-01 -3.814693391323089600e-01 -3.106144964694976807e-01 3.829613327980041504e-01 -3.022463433444499969e-02 3.341659009456634521e-01 -1.813529431819915771e-01 -3.133082389831542969e-01 3.818027377128601074e-01 -6.228845566511154175e-02 1.854982972145080566e-02 3.463837802410125732e-01 3.469975888729095459e-01 4.255877062678337097e-02 -4.077524691820144653e-02 -4.278864264488220215e-01 -1.108788967132568359e+00 2.399405092000961304e-01 2.297697067260742188e-01 2.000642120838165283e-01 -2.952324412763118744e-02 2.712712585926055908e-01 4.164283871650695801e-01 3.987728357315063477e-01 1.586007624864578247e-01 2.529542744159698486e-01 2.156662791967391968e-01 3.289248943328857422e-01 5.071534514427185059e-01 7.084754854440689087e-02 5.070697516202926636e-04 4.761689305305480957e-01 1.592383980751037598e-01 8.569297790527343750e-01 -3.231023252010345459e-01 2.392234802246093750e-01 5.423504710197448730e-01 -1.522420346736907959e-02 -7.740817964076995850e-04 3.869676962494850159e-02 2.513072192668914795e-01 4.524064809083938599e-02 1.850177161395549774e-02 -6.269657015800476074e-01 3.262234330177307129e-01 -6.494591832160949707e-01 2.140613794326782227e-01 -2.146703153848648071e-01 5.306527763605117798e-02 1.695592701435089111e-02 -1.809276491403579712e-01 -5.864232778549194336e-01 -1.682559549808502197e-01 6.167044043540954590e-01 -1.965998560190200806e-01 1.240933761000633240e-01 -3.407427072525024414e-01 1.225129701197147369e-02 -3.908457458019256592e-01 6.117793917655944824e-01 -5.029862746596336365e-02 6.445866227149963379e-01 -6.189809441566467285e-01 -6.259804125875234604e-03 6.583346128463745117e-01 -1.791563034057617188e-01 -3.052410781383514404e-01 3.357485830783843994e-01 3.177536725997924805e-01 -4.502647817134857178e-01 1.003982350230216980e-01 -2.279435284435749054e-02 1.735896170139312744e-01 -1.517767310142517090e-01 1.448072493076324463e-02 -1.814977824687957764e-01 6.079373359680175781e-01 2.369567006826400757e-01 -1.101196836680173874e-02 -4.895314946770668030e-02 -1.385318040847778320e-01 1.603177189826965332e-01 2.283786386251449585e-01 3.144138455390930176e-01 2.794020473957061768e-01 1.167997643351554871e-01 2.318328171968460083e-01 4.255316853523254395e-01 8.225155621767044067e-02 1.145727187395095825e-01 -1.278339475393295288e-01 3.712753653526306152e-01 4.825612306594848633e-01 3.596251904964447021e-01 2.423538453876972198e-02 7.457122951745986938e-02 7.398650050163269043e-01 1.924918591976165771e-01 -1.082972288131713867e-01 -1.282118707895278931e-01 3.413141071796417236e-01 -3.084506392478942871e-01 -2.921006456017494202e-02 5.235791206359863281e-03 -2.172419577836990356e-01 2.418538928031921387e-01 3.006036877632141113e-01 1.341430842876434326e-01 4.010729491710662842e-01 2.184349596500396729e-01 -7.015141099691390991e-02 -7.292979955673217773e-01 -1.161155343055725098e+00 5.326637625694274902e-02 -8.416761159896850586e-01 -4.076761901378631592e-01 -1.545627832412719727e+00 -1.055526435375213623e-01 1.185737699270248413e-01 -5.480355024337768555e-02 1.545121520757675171e-01 -9.644612669944763184e-01 -1.648120433092117310e-01 9.934408962726593018e-02 -5.680532008409500122e-02 1.331017017364501953e-01 9.523450583219528198e-02 -1.798737049102783203e-01 9.800508618354797363e-03 3.509086072444915771e-01 -2.547346949577331543e-01 -7.870471477508544922e-01 -3.611648082733154297e-02 3.635412454605102539e-01 -8.704554438591003418e-01 -7.550315558910369873e-02 -1.021422147750854492e+00 -7.501200437545776367e-01 -1.201035976409912109e-01 -1.308108568191528320e-01 4.059439897537231445e-02 6.234828233718872070e-01 -2.612209916114807129e-01 -3.893439173698425293e-01 -1.926939785480499268e-01 -4.371272400021553040e-03 -2.755760401487350464e-02 -1.324654221534729004e-01 2.753788828849792480e-01 5.057610943913459778e-02 3.309079632163047791e-02 1.239208206534385681e-01 2.047220803797245026e-02 -5.746209025382995605e-01 -6.532177329063415527e-01 2.622533440589904785e-01 5.040304064750671387e-01 5.220694541931152344e-01 1.161698698997497559e-01 2.474464178085327148e-01 1.323198080062866211e-01 7.354567050933837891e-01 -1.073405265808105469e+00 -1.506207287311553955e-01 5.340375751256942749e-02 -4.821127653121948242e-01 -2.588632106781005859e-01 -5.735273957252502441e-01 1.334909349679946899e-03 4.634807631373405457e-02 6.265564560890197754e-01 -1.695842742919921875e-01 4.046490788459777832e-01 -9.829135984182357788e-02 -1.073203682899475098e+00 -1.192536130547523499e-01 -3.129560500383377075e-02 4.379603266716003418e-01 8.278347551822662354e-02 2.221906334161758423e-01 -1.700771301984786987e-01 -1.633828997611999512e+00 -3.233366906642913818e-01 1.502362042665481567e-01 5.975097417831420898e-02 2.413680255413055420e-01 3.686278760433197021e-01 2.128188461065292358e-01 5.241976380348205566e-01 1.626606844365596771e-02 2.696956396102905273e-01 -1.928565204143524170e-01 9.623297303915023804e-02 4.206490814685821533e-01 -8.192642033100128174e-02 -4.123078286647796631e-02 -2.808795571327209473e-01 7.167634367942810059e-02 -4.126583933830261230e-01 5.330845713615417480e-02 4.609539210796356201e-01 1.113209873437881470e-01 2.999318838119506836e-01 -3.244628608226776123e-01 2.812930941581726074e-01 -7.835704833269119263e-02 -4.517351388931274414e-01 1.327324509620666504e-01 -2.734289467334747314e-01 9.915619343519210815e-02 2.579988539218902588e-02 -6.887795329093933105e-01 1.232756897807121277e-01 -3.877175450325012207e-01 -7.018910050392150879e-01 1.336897015571594238e-01 -1.178361177444458008e+00 -5.084807872772216797e-01 -3.178601386025547981e-03 9.582504630088806152e-03 -6.628337502479553223e-01 1.358491331338882446e-01 -3.208885788917541504e-01 3.991958871483802795e-02 -6.211861371994018555e-01 3.151888251304626465e-01 -3.495495915412902832e-01 6.044197678565979004e-01 5.080512762069702148e-01 -5.464710295200347900e-02 -1.833531111478805542e-01 -1.417220234870910645e-01 7.912766188383102417e-02 5.319814085960388184e-01 9.700693935155868530e-02 -2.175697684288024902e-02 -8.021603524684906006e-02 -1.756442189216613770e-01 4.869453012943267822e-01 -6.125986948609352112e-02 5.804383754730224609e-02 -2.733114063739776611e-01 -1.035225242376327515e-01 -4.288921356201171875e-01 1.755342483520507812e-01 4.869877099990844727e-01 3.124246597290039062e-01 1.053214631974697113e-02 4.213610291481018066e-01 -3.140885829925537109e-01 -6.927942037582397461e-01 -4.109345078468322754e-01 3.329319953918457031e-01 2.916574180126190186e-01 2.394043207168579102e-01 -1.951742470264434814e-01 -4.173174127936363220e-02 9.651507437229156494e-02 3.956209719181060791e-01 -1.628283411264419556e-03 -3.930883705615997314e-01 -6.477372348308563232e-02 -1.809208244085311890e-01 -5.522346124053001404e-02 7.779260724782943726e-02 4.012634605169296265e-02 2.112138122320175171e-01 -1.687175631523132324e-01 -2.766492217779159546e-02 3.398060500621795654e-01 -1.757191270589828491e-01 -5.050469934940338135e-02 -4.373247623443603516e-01 5.412706732749938965e-01 2.684199213981628418e-01 2.796683907508850098e-01 8.814170956611633301e-02 -2.047127783298492432e-01 3.609111309051513672e-01 -3.299973011016845703e-01 -5.440982580184936523e-01 -2.150165736675262451e-01 2.087248712778091431e-01 4.660005494952201843e-02 5.629730969667434692e-02 2.504908442497253418e-01 3.586654961109161377e-01 1.449183076620101929e-01 2.308502942323684692e-01 -2.621901035308837891e-01 -2.143536694347858429e-02 4.805476069450378418e-01 6.434667706489562988e-01 -5.767400190234184265e-02 5.213021636009216309e-01 3.286298513412475586e-01 2.443239539861679077e-01 2.430756390094757080e-02 1.076460182666778564e-01 -1.654874831438064575e-01 6.437822580337524414e-01 -1.956328004598617554e-01 -6.380195170640945435e-02 1.201150864362716675e-01 9.074017405509948730e-02 -7.977423071861267090e-01 4.285759031772613525e-01 6.124435067176818848e-01 -8.850210905075073242e-02 -8.142906427383422852e-02 -9.370788335800170898e-01 2.642244473099708557e-02 -1.033026725053787231e-01 5.455574393272399902e-01 2.592143118381500244e-01 9.076306968927383423e-02 -9.001154452562332153e-02 1.690653525292873383e-02 -1.424710005521774292e-01 3.805167973041534424e-01 2.204655408859252930e-01 2.276496589183807373e-01 2.227774262428283691e-01 2.281271666288375854e-01 7.457169294357299805e-01 -1.158385798335075378e-01 -6.493957638740539551e-01 4.872060194611549377e-02 1.622262299060821533e-01 -8.019952774047851562e-01 -3.136104717850685120e-02 1.980504393577575684e-01 1.794597357511520386e-01 4.395723640918731689e-01 -2.510860860347747803e-01 1.672476083040237427e-01 6.547096371650695801e-02 4.440111815929412842e-01 -2.107179462909698486e-01 -5.722295641899108887e-01 1.396772563457489014e-01 6.160245537757873535e-01 2.552133202552795410e-01 1.635471433401107788e-01 6.066662818193435669e-02 -1.109386533498764038e-01 3.817131519317626953e-01 4.823965579271316528e-02 -1.346515566110610962e-01 4.029151201248168945e-01 -3.542352914810180664e-01 -6.831884384155273438e-03 8.854274451732635498e-02 3.319872617721557617e-01 -1.838048994541168213e-01 1.583825647830963135e-01 1.130308285355567932e-01 3.532548248767852783e-01 -1.184769496321678162e-01 2.732239663600921631e-01 8.371576070785522461e-01 -2.125822156667709351e-01 5.174354314804077148e-01 -8.675413727760314941e-01 -4.499469697475433350e-02 3.021091222763061523e-01 -2.853822708129882812e-01 1.811468750238418579e-01 6.629502773284912109e-01 4.032458662986755371e-01 -7.416838780045509338e-03 7.664804905652999878e-02 -1.584054231643676758e-01 9.709952771663665771e-02 -6.926196068525314331e-02 2.529932856559753418e-01 2.136126160621643066e-01 3.685970902442932129e-01 1.632422953844070435e-01 5.521052703261375427e-02 1.464160084724426270e-01 1.361013799905776978e-01 2.091938257217407227e-01 1.565550565719604492e-01 -2.174873054027557373e-01 2.984477579593658447e-01 2.171431779861450195e-01 -2.583666145801544189e-01 1.641119420528411865e-01 -2.084278464317321777e-01 1.940046250820159912e-01 -3.105856478214263916e-01 -1.824347227811813354e-01 3.191030025482177734e-01 3.145228624343872070e-01 1.466289907693862915e-01 -1.068319559097290039e+00 -4.787023738026618958e-02 9.532990306615829468e-02 9.307337552309036255e-02 3.028138875961303711e-01 -2.219029515981674194e-01 1.816725432872772217e-01 4.310319125652313232e-01 -2.731743752956390381e-01 -5.754118785262107849e-03 -6.751840114593505859e-01 2.660919129848480225e-01 -4.612416028976440430e-02 1.398327499628067017e-01 8.715142309665679932e-02 7.276660948991775513e-02 -4.269876778125762939e-01 3.728451430797576904e-01 -9.975840151309967041e-02 -3.596635758876800537e-01 3.534077852964401245e-02 4.745988845825195312e-01 1.838047206401824951e-01 5.504187345504760742e-01 4.914409518241882324e-01 -1.302864104509353638e-01 4.459986835718154907e-02 -1.422334015369415283e-01 4.482849836349487305e-01 1.824055314064025879e-01 -8.224102109670639038e-02 7.434995472431182861e-02 2.099921703338623047e-01 1.895145140588283539e-02 4.058841168880462646e-01 -5.492061972618103027e-01 -2.494543641805648804e-01 2.045882344245910645e-01 1.960328072309494019e-01 1.355980038642883301e-01 2.505516111850738525e-01 -1.242365688085556030e-01 5.816172957420349121e-01 -8.183275163173675537e-02 -7.518205046653747559e-02 5.015842318534851074e-01 -4.398920536041259766e-01 3.319335579872131348e-01 1.254851073026657104e-01 5.127208232879638672e-01 1.266390681266784668e-01 -4.802579283714294434e-01 6.466320157051086426e-02 -1.136418655514717102e-01 1.606190949678421021e-01 5.844315290451049805e-01 -1.005212403833866119e-02 3.831455707550048828e-01 5.922521948814392090e-01 -8.580180257558822632e-02 -7.019980549812316895e-01 -4.733956158161163330e-01 3.191536664962768555e-01 -5.301147699356079102e-03 1.241569817066192627e-01 -3.994223177433013916e-01 -4.769797623157501221e-02 3.680249154567718506e-01 -1.144895195960998535e+00 -1.247812807559967041e-01 5.206791311502456665e-02 1.827095746994018555e-01 -3.142815083265304565e-02 1.005744785070419312e-01 -1.936885416507720947e-01 2.267618030309677124e-01 2.232018262147903442e-01 1.088907718658447266e-01 4.725858271121978760e-01 7.298077642917633057e-02 -6.234616041183471680e-03 -7.101680040359497070e-01 3.766388595104217529e-01 5.339099839329719543e-02 1.636803150177001953e-01 4.418394714593887329e-02 -2.145252972841262817e-01 9.862057864665985107e-02 -1.278616189956665039e-01 2.854167222976684570e-01 7.564694881439208984e-01 2.604387998580932617e-01 2.844707071781158447e-01 2.195645272731781006e-01 1.804165542125701904e-01 -3.543141782283782959e-01 5.086259543895721436e-02 -5.473718047142028809e-02 -2.618315815925598145e-01 3.472842872142791748e-01 6.298944354057312012e-02 1.208984181284904480e-01 -1.507128030061721802e-01 1.136744245886802673e-01 6.954433023929595947e-02 1.583660244941711426e-01 -6.114610433578491211e-01 -1.364106498658657074e-02 4.629317522048950195e-01 -2.211633324623107910e-01 -1.555871963500976562e-01 6.139651536941528320e-01 2.426054924726486206e-01 -2.677985727787017822e-01 1.910016834735870361e-01 -7.334366906434297562e-03 -3.048021495342254639e-01 1.636910811066627502e-02 -3.857352435588836670e-01 6.401431560516357422e-01 8.893818408250808716e-02 -1.698427200317382812e-01 1.649662479758262634e-02 6.205476075410842896e-02 -1.541797369718551636e-01 1.868814826011657715e-01 -8.712675422430038452e-02 -3.709228336811065674e-01 -1.949355006217956543e-01 -2.969200313091278076e-01 1.248597353696823120e-01 3.170952200889587402e-01 1.153870075941085815e-01 -2.750167846679687500e-01 5.680566430091857910e-01 2.110748365521430969e-02 6.995341181755065918e-02 -1.176545172929763794e-01 1.578462719917297363e-01 2.727429568767547607e-01 -2.646856009960174561e-04 3.914246857166290283e-01 -8.643593788146972656e-01 -1.480699032545089722e-01 -1.408212166279554367e-02 6.046732887625694275e-02 -1.853448301553726196e-01 -9.449125081300735474e-02 -2.010897397994995117e-01 1.035145819187164307e-01 -2.659174799919128418e-01 -2.991029322147369385e-01 -5.828391760587692261e-02 -1.239917427301406860e-01 1.082479134202003479e-01 -1.411448717117309570e-01 5.126524567604064941e-01 3.355175554752349854e-01 4.817621707916259766e-01 4.567002505064010620e-02 2.119353264570236206e-01 3.150133788585662842e-01 1.160966046154499054e-02 1.558163464069366455e-01 1.953627765178680420e-01 -3.437626063823699951e-01 -1.155231833457946777e+00 -8.062968850135803223e-01 -1.040285453200340271e-01 3.046514689922332764e-01 -5.182396173477172852e-01 -3.128495514392852783e-01 2.008283436298370361e-01 -3.542564436793327332e-02 6.268464773893356323e-02 3.377987444400787354e-01 3.239647746086120605e-01 -3.377244770526885986e-01 2.538652122020721436e-01 1.962086651474237442e-03 1.772022545337677002e-01 6.081006526947021484e-01 5.233637243509292603e-02 -3.960745930671691895e-01 -1.268380731344223022e-01 4.550288915634155273e-01 1.263821572065353394e-01 6.403785347938537598e-01 -1.306256949901580811e-01 -2.471093684434890747e-01 2.897782623767852783e-01 -6.098553538322448730e-01 -5.687830969691276550e-02 -4.586749151349067688e-02 8.212956041097640991e-02 -4.380275011062622070e-01 3.222105503082275391e-01 3.746286332607269287e-01 -5.826475620269775391e-01 -3.433464840054512024e-02 -6.462181210517883301e-01 7.859444618225097656e-02 3.570427894592285156e-01 -4.313794672489166260e-01 -1.051258575171232224e-02 3.437543511390686035e-01 -2.702156603336334229e-01 -1.638802736997604370e-01 -5.579731613397598267e-02 9.705521166324615479e-02 3.132567405700683594e-01 2.063038796186447144e-01 -5.113958716392517090e-01 -1.482397913932800293e-01 2.386915832757949829e-01 -8.889597654342651367e-02 -3.952301144599914551e-01 -1.991613358259201050e-01 1.105570942163467407e-01 -8.656299114227294922e-01 -3.918200433254241943e-01 2.689673602581024170e-01 2.906001806259155273e-01 -4.659669846296310425e-02 2.193838804960250854e-01 2.397735565900802612e-01 1.498576849699020386e-01 4.569577276706695557e-01 3.488050103187561035e-01 1.807700544595718384e-01 3.856113851070404053e-01 -8.974225074052810669e-02 -1.432252407073974609e+00 -2.108077406883239746e-01 -3.387353718280792236e-01 -2.339814007282257080e-01 1.203065738081932068e-01 1.919827908277511597e-01 1.911621391773223877e-01 -3.732596337795257568e-01 -1.954867839813232422e-01 1.405988633632659912e-01 -7.636001706123352051e-02 -3.484472036361694336e-01 -2.367907613515853882e-01 -1.211366653442382812e-01 -2.792307734489440918e-01 8.233056217432022095e-02 -1.580326072871685028e-02 -4.131134748458862305e-01 1.979920640587806702e-02 -1.575593948364257812e-01 5.741781592369079590e-01 -2.842248678207397461e-01 4.225257039070129395e-01 -2.648822963237762451e-01 -2.706616185605525970e-03 3.211084604263305664e-01 -8.114652633666992188e-01 4.645567834377288818e-01 -2.268777042627334595e-01 3.929979801177978516e-01 -7.722306251525878906e-02 3.432961106300354004e-01 -7.276701927185058594e-02 -1.103544384241104126e-01 -2.585205435752868652e-01 2.478074431419372559e-01 -2.428271807730197906e-02 1.569913029670715332e-01 3.502693176269531250e-01 5.541977286338806152e-01 4.006783068180084229e-01 -3.078329861164093018e-01 -5.262709856033325195e-01 -4.465353488922119141e-01 2.901667058467864990e-01 1.508153527975082397e-01 3.241073489189147949e-01 8.703598380088806152e-02 1.806181669235229492e-01 1.397845596075057983e-01 2.980976104736328125e-01 4.078900814056396484e-01 4.105392098426818848e-02 -3.983662128448486328e-01 -1.865658909082412720e-01 2.170932143926620483e-01 -5.633194372057914734e-02 1.797626316547393799e-01 3.520152717828750610e-02 6.994802951812744141e-01 3.175602257251739502e-01 -1.556062698364257812e-01 4.903059452772140503e-02 4.154104888439178467e-01 -3.206022977828979492e-01 -1.706350296735763550e-01 3.320242166519165039e-01 1.506070941686630249e-01 -9.197328984737396240e-02 -3.533286154270172119e-01 4.781197607517242432e-01 -6.467661261558532715e-02 -1.189480572938919067e-01 -1.126254796981811523e-01 -3.590531349182128906e-01 -1.708023250102996826e-01 2.365387827157974243e-01 -4.640093743801116943e-01 2.128374390304088593e-02 -3.750854432582855225e-01 -9.822310507297515869e-02 4.808610677719116211e-02 -1.577037721872329712e-01 2.180414795875549316e-01 5.834609866142272949e-01 9.643627330660820007e-03 8.761771023273468018e-02 2.725956439971923828e-01 1.296297311782836914e-01 1.781634837388992310e-01 -3.007613122463226318e-01 4.666002988815307617e-01 6.707085967063903809e-01 9.114158153533935547e-02 1.016602069139480591e-01 -2.389190793037414551e-01 -3.183764815330505371e-01 -9.409098327159881592e-02 4.841437637805938721e-01 -4.645476937294006348e-01 1.971607059240341187e-01 5.971859395503997803e-02 -5.795366168022155762e-01 2.784618735313415527e-01 2.738918364048004150e-01 -4.237824380397796631e-01 3.301119804382324219e-01 7.060182690620422363e-01 3.850687146186828613e-01 2.216303944587707520e-01 1.122042298316955566e+00 1.861945092678070068e-01 2.406293526291847229e-02 -2.311456054449081421e-01 3.906938135623931885e-01 3.479834198951721191e-01 -6.595054864883422852e-01 -4.598440825939178467e-01 2.623110115528106689e-01 -3.277309238910675049e-01 1.120308414101600647e-03 1.623204648494720459e-01 1.194182224571704865e-02 -8.445979654788970947e-02 6.386697888374328613e-01 2.670453302562236786e-02 -1.049365639686584473e+00 -4.478052556514739990e-01 5.004649758338928223e-01 3.403161764144897461e-01 1.898502558469772339e-01 -1.164099574089050293e-02 2.967416644096374512e-01 4.381589591503143311e-01 6.895996630191802979e-02 -2.501655220985412598e-01 2.239913344383239746e-01 4.584304988384246826e-01 -3.470306396484375000e-01 7.264979183673858643e-03 1.183875203132629395e-01 6.808429360389709473e-01 -3.987103328108787537e-02 2.161209657788276672e-02 2.451939880847930908e-01 1.065240949392318726e-01 3.556775674223899841e-02 2.143279910087585449e-01 -3.673112094402313232e-01 -5.173684358596801758e-01 7.874077558517456055e-01 2.741096727550029755e-02 3.029786348342895508e-01 3.305981159210205078e-01 -2.136262692511081696e-02 2.987407743930816650e-01 -9.494615793228149414e-01 -4.816002845764160156e-01 2.385010719299316406e-01 6.571000814437866211e-01 5.758891254663467407e-02 -3.452461063861846924e-01 -1.562739722430706024e-02 -1.113512367010116577e-01 2.557549253106117249e-02 -5.865909457206726074e-01 9.117762744426727295e-02 3.308787643909454346e-01 -2.181661128997802734e-01 -1.949108988046646118e-01 -2.059364467859268188e-01 -4.495386779308319092e-01 2.837523221969604492e-01 2.575305402278900146e-01 2.728043496608734131e-01 3.695569336414337158e-01 5.243669152259826660e-01 -2.853515148162841797e-01 -3.460294604301452637e-01 4.008014798164367676e-01 2.591142654418945312e-01 6.146984100341796875e-01 3.533745408058166504e-01 8.282520771026611328e-01 -1.578913778066635132e-01 -1.967630088329315186e-01 3.105737455189228058e-02 -1.968916058540344238e-01 -3.985407352447509766e-01 7.066707611083984375e-01 1.566448993980884552e-02 -5.731283426284790039e-01 -1.937988698482513428e-01 -8.289250135421752930e-01 1.795349121093750000e-01 1.530334651470184326e-01 1.105351299047470093e-01 6.044737249612808228e-02 1.005045622587203979e-01 -4.143428206443786621e-01 1.388347446918487549e-01 -6.941987276077270508e-01 -2.361849509179592133e-02 8.686102926731109619e-02 2.790642678737640381e-01 -7.604362368583679199e-01 -3.643965721130371094e-01 -1.183857545256614685e-01 4.317632615566253662e-01 -4.758255183696746826e-01 6.782264709472656250e-01 1.580812335014343262e-01 2.202180773019790649e-01 4.134382009506225586e-01 2.218956947326660156e-01 -3.711048066616058350e-01 1.095262914896011353e-01 1.113805025815963745e-01 1.909269392490386963e-01 1.845191568136215210e-01 -4.494156837463378906e-01 -1.660510599613189697e-01 2.451119422912597656e-01 9.373399615287780762e-02 -9.031287580728530884e-02 -2.109743058681488037e-01 2.499539032578468323e-02 2.782387733459472656e-01 1.722896397113800049e-01 2.661015093326568604e-01 -3.037442639470100403e-02 -2.573028802871704102e-01 -2.455926835536956787e-01 3.135436475276947021e-01 -7.048678994178771973e-01 2.381483465433120728e-01 2.856543958187103271e-01 1.654672771692276001e-01 -3.363410830497741699e-01 -2.531544119119644165e-02 1.074765920639038086e-01 1.888913512229919434e-01 1.694299578666687012e-01 6.535787880420684814e-02 -3.308729529380798340e-01 -3.518624305725097656e-01 4.818386137485504150e-01 -5.875880122184753418e-01 1.931629702448844910e-02 4.465611651539802551e-02 -8.352844044566154480e-03 -1.125905811786651611e-01 3.337218463420867920e-01 3.696260154247283936e-01 2.950842380523681641e-01 8.506588637828826904e-02 3.803398311138153076e-01 3.019262552261352539e-01 2.796274423599243164e-01 3.142401874065399170e-01 5.036388039588928223e-01 3.151509761810302734e-01 1.563606709241867065e-01 -7.235722988843917847e-02 4.506910741329193115e-01 5.228418111801147461e-02 -1.975665241479873657e-01 -3.492423892021179199e-01 -1.811531931161880493e-01 3.721156716346740723e-01 -4.661827534437179565e-02 7.617063820362091064e-02 -3.848087042570114136e-03 7.128176093101501465e-01 -2.867752909660339355e-01 1.934426724910736084e-01 5.804712325334548950e-02 3.714313805103302002e-01 -5.154609680175781250e-01 -3.721339628100395203e-03 -1.535843610763549805e-01 -4.784929752349853516e-01 -2.185833007097244263e-01 9.100212156772613525e-02 3.218146264553070068e-01 -4.834259301424026489e-02 -1.192546077072620392e-02 -2.023547291755676270e-01 -1.119854599237442017e-01 -1.225226879119873047e+00 1.869242191314697266e-01 -6.219239234924316406e-01 4.376505613327026367e-01 6.381986141204833984e-01 3.737708628177642822e-01 3.419785499572753906e-01 -2.281431853771209717e-01 -6.514897942543029785e-02 -4.762350916862487793e-01 -2.262741625308990479e-01 4.322055280208587646e-01 5.648849159479141235e-02 -1.312449341639876366e-03 -5.331545472145080566e-01 -1.699900925159454346e-01 3.109374642372131348e-01 5.217825174331665039e-01 2.158336639404296875e-01 -7.807012796401977539e-01 2.063520997762680054e-01 -1.659121736884117126e-02 1.754879504442214966e-01 -5.736206173896789551e-01 6.294729709625244141e-01 4.641003906726837158e-02 -6.085483357310295105e-03 5.616469979286193848e-01 5.113288164138793945e-01 6.868700683116912842e-02 -1.226269900798797607e-01 9.208779335021972656e-01 -4.291453361511230469e-01 -2.370885163545608521e-01 7.495959401130676270e-01 1.307692229747772217e-01 -2.781142890453338623e-01 3.841886222362518311e-01 4.611310064792633057e-01 -4.144527390599250793e-02 1.009278371930122375e-01 3.213163465261459351e-02 1.295398175716400146e-01 1.577292829751968384e-01 -7.021393626928329468e-02 -3.647713959217071533e-01 7.254596054553985596e-02 3.022104501724243164e-01 -3.286207616329193115e-01 8.214711397886276245e-02 3.171758651733398438e-01 3.775988817214965820e-01 -5.859597027301788330e-02 3.286122530698776245e-02 1.387197077274322510e-01 -7.185500264167785645e-01 1.369108110666275024e-01 2.095861732959747314e-01 -2.729014456272125244e-01 1.924262940883636475e-01 2.416599094867706299e-01 1.217943057417869568e-01 1.601248681545257568e-01 4.142564833164215088e-01 -7.317140102386474609e-01 8.644333481788635254e-01 -1.555367931723594666e-02 3.832869529724121094e-01 5.012590885162353516e-01 3.659458756446838379e-01 -6.425701379776000977e-01 -2.520916163921356201e-01 2.011195868253707886e-01 6.832188367843627930e-01 -8.898104727268218994e-02 5.232671499252319336e-01 -2.049427628517150879e-01 3.914814814925193787e-02 -1.944998651742935181e-01 2.414319068193435669e-01 -1.096572354435920715e-01 -8.128272369503974915e-03 6.482186317443847656e-01 -1.497428417205810547e-01 3.392872214317321777e-02 3.176175057888031006e-01 4.243390262126922607e-01 3.267365396022796631e-01 6.649595499038696289e-02 3.061497509479522705e-01 -2.165545225143432617e-01 -1.054794564843177795e-01 -6.071048378944396973e-01 -1.939359009265899658e-01 -3.647085428237915039e-01 2.108553647994995117e-01 1.553075201809406281e-02 -3.231122493743896484e-01 5.806882679462432861e-02 -5.610723495483398438e-01 1.402817368507385254e-01 1.214604377746582031e-01 1.957681030035018921e-01 -2.161051034927368164e-01 1.942457258701324463e-01 2.128066420555114746e-01 -3.344069123268127441e-01 3.524397909641265869e-01 -1.714154928922653198e-01 -4.919841885566711426e-01 -3.476091325283050537e-01 4.885647594928741455e-01 8.982594311237335205e-02 8.547797799110412598e-02 2.700430154800415039e-01 1.951917707920074463e-01 -6.595038175582885742e-01 -2.292489409446716309e-01 4.458622932434082031e-01 -8.320128917694091797e-02 -4.729908108711242676e-01 8.356351405382156372e-02 -3.761767968535423279e-02 1.509278118610382080e-01 1.626971960067749023e-01 4.322692751884460449e-01 4.047876596450805664e-01 4.045760333538055420e-01 1.020035967230796814e-01 3.051800429821014404e-01 4.430856704711914062e-01 2.628807425498962402e-01 2.974500954151153564e-01 9.780923277139663696e-02 1.594990119338035583e-02 -1.223420053720474243e-01 -1.084416210651397705e-01 -5.155069008469581604e-02 -6.724373996257781982e-02 1.838360428810119629e-01 -2.186934202909469604e-01 -2.602190375328063965e-01 1.992241144180297852e-01 1.520558148622512817e-01 1.269807666540145874e-02 -5.650372505187988281e-01 4.673582017421722412e-01 6.774100065231323242e-01 3.368867933750152588e-01 2.982253432273864746e-01 4.350850731134414673e-02 3.414091765880584717e-01 1.755603551864624023e-01 1.457129865884780884e-01 -1.093879044055938721e-01 2.544829249382019043e-01 2.385806888341903687e-01 4.649806618690490723e-01 5.162030458450317383e-01 2.501819133758544922e-01 3.451438546180725098e-01 -1.950128823518753052e-01 -4.321677982807159424e-01 2.439110130071640015e-01 2.807062268257141113e-01 2.764478325843811035e-01 1.766795367002487183e-01 4.720416069030761719e-01 -2.537394165992736816e-01 7.429204881191253662e-02 -1.236181735992431641e+00 -7.821469008922576904e-02 2.219765484333038330e-01 -8.417792320251464844e-01 4.261575937271118164e-01 1.977017372846603394e-01 3.499793112277984619e-01 1.372876465320587158e-01 -4.546723514795303345e-02 1.678018271923065186e-01 -4.743444547057151794e-02 -2.294870018959045410e-01 7.610660046339035034e-02 3.181980252265930176e-01 1.417765319347381592e-01 2.159530669450759888e-01 2.159087210893630981e-01 -2.014792710542678833e-01 -6.332336366176605225e-02 2.077253609895706177e-01 -3.272910416126251221e-01 1.828103326261043549e-02 6.383815407752990723e-02 -2.280654311180114746e-01 2.131933271884918213e-01 1.111219897866249084e-01 1.893684118986129761e-01 -2.521112263202667236e-01 3.731813430786132812e-01 -6.616083532571792603e-02 -6.766119003295898438e-01 9.819102287292480469e-02 -6.676607131958007812e-01 -6.595903635025024414e-01 -4.641960561275482178e-02 -9.464274346828460693e-02 8.175604045391082764e-02 -4.468897283077239990e-01 2.918478846549987793e-01 8.736187219619750977e-02 1.592591702938079834e-01 3.875059634447097778e-02 -1.608316302299499512e-01 3.290783762931823730e-01 1.472636908292770386e-01 -4.570500925183296204e-02 3.497479557991027832e-01 -2.847740948200225830e-01 -4.476435482501983643e-01 -8.101359009742736816e-02 7.127594947814941406e-02 4.040250778198242188e-01 3.395051956176757812e-01 3.257043361663818359e-01 1.935984343290328979e-01 -4.375564754009246826e-01 3.971868157386779785e-01 8.234445452690124512e-01 2.139994204044342041e-01 3.928535282611846924e-01 2.983072996139526367e-01 -2.024887949228286743e-01 -8.145510405302047729e-02 2.013123631477355957e-01 -3.338426351547241211e-01 7.093322277069091797e-02 4.331021904945373535e-01 1.213408708572387695e-01 1.957795172929763794e-01 3.175477981567382812e-01 5.246919393539428711e-01 -1.653195545077323914e-02 2.146686613559722900e-01 2.823116481304168701e-01 2.274154871702194214e-01 -3.413980826735496521e-02 2.944560945034027100e-01 1.169550418853759766e-01 -5.161735415458679199e-01 4.775257408618927002e-02 1.812128424644470215e-01 -5.065113902091979980e-01 -1.881205141544342041e-01 -4.704356193542480469e-02 -2.056596130132675171e-01 -3.612730503082275391e-01 4.124444425106048584e-01 -3.133310973644256592e-01 -6.034661829471588135e-02 3.060692548751831055e-01 1.426530033349990845e-01 2.124916613101959229e-01 2.222774326801300049e-01 -2.337097972631454468e-01 -6.827451586723327637e-01 4.211849868297576904e-01 5.841003060340881348e-01 -1.611853718757629395e+00 8.021145313978195190e-02 -7.017648965120315552e-02 -1.149683911353349686e-02 -2.222352623939514160e-01 3.076111078262329102e-01 -4.535513818264007568e-01 6.417422294616699219e-01 5.581557378172874451e-02 6.439836025238037109e-01 -5.414937436580657959e-02 4.254997372627258301e-01 2.655497491359710693e-01 -5.361750721931457520e-01 -4.472169280052185059e-01 2.084977626800537109e-01 2.642817497253417969e-01 3.618485853075981140e-02 -3.625237941741943359e-02 -5.338034629821777344e-01 5.408185124397277832e-01 -1.399624645709991455e-01 1.809549033641815186e-01 -1.652231812477111816e-02 4.932909086346626282e-02 -2.098351716995239258e-01 3.565959036350250244e-01 -1.564700901508331299e-01 4.444198310375213623e-02 -1.227817296981811523e+00 6.194019913673400879e-01 5.945705771446228027e-01 1.863034218549728394e-01 4.457011222839355469e-01 3.408102691173553467e-01 2.180839180946350098e-01 -6.476649641990661621e-01 3.568747341632843018e-01 -9.107086062431335449e-02 7.301735877990722656e-02 -6.551137566566467285e-01 4.119446277618408203e-01 1.815118193626403809e-01 7.581816613674163818e-02 3.564474880695343018e-01 5.431404709815979004e-01 5.436300635337829590e-01 4.032151103019714355e-01 2.061604559421539307e-01 -1.839533448219299316e-03 2.740360200405120850e-01 4.129288792610168457e-01 7.977141439914703369e-02 2.863985598087310791e-01 2.621769309043884277e-01 3.870301246643066406e-01 -5.023620650172233582e-02 -6.358686089515686035e-01 1.087260395288467407e-01 1.678071022033691406e-01 4.537852406501770020e-01 -1.262835264205932617e-01 -3.004198372364044189e-01 -4.531491398811340332e-01 1.199221536517143250e-01 -7.734041195362806320e-03 -3.932646289467811584e-02 2.888281941413879395e-01 3.718457818031311035e-01 2.205375730991363525e-01 7.380776107311248779e-02 5.317343473434448242e-01 9.945873171091079712e-02 5.931543111801147461e-01 -1.206345558166503906e+00 1.325638443231582642e-01 4.886020421981811523e-01 -1.890876591205596924e-01 -2.547812163829803467e-01 2.311877906322479248e-01 2.847203612327575684e-01 3.661086261272430420e-01 1.311342716217041016e-01 -2.068319022655487061e-01 3.319800198078155518e-01 6.282901018857955933e-02 -8.831788599491119385e-02 -1.449049115180969238e+00 5.620051026344299316e-01 -2.242749556899070740e-02 -2.454679310321807861e-01 4.619338363409042358e-02 2.078082412481307983e-01 1.575527340173721313e-01 -1.680894929450005293e-04 -6.255651265382766724e-02 6.443193554878234863e-01 3.115071058273315430e-01 -7.069211602210998535e-01 2.565587460994720459e-01 1.433200538158416748e-01 -4.206561148166656494e-01 -2.821587212383747101e-02 9.947866201400756836e-03 -5.973697900772094727e-01 -9.839704632759094238e-02 3.086431026458740234e-01 2.009602487087249756e-01 2.379327118396759033e-01 5.066862702369689941e-01 2.686664760112762451e-01 9.917655587196350098e-02 -5.290447175502777100e-02 4.622016549110412598e-01 -3.800906538963317871e-01 3.551775515079498291e-01 3.482836186885833740e-01 -1.488996386528015137e+00 -6.196069344878196716e-02 2.216574400663375854e-01 -2.899151146411895752e-01 6.254686415195465088e-02 -2.169850170612335205e-01 -1.867169141769409180e-01 -2.720305696129798889e-02 2.184890210628509521e-01 3.285132646560668945e-01 -1.801733821630477905e-01 -5.874234065413475037e-02 -7.320695519447326660e-01 3.741996586322784424e-01 -1.276754736900329590e-01 -1.194574907422065735e-01 5.526598095893859863e-01 1.083094440400600433e-02 -5.387880280613899231e-02 1.706258207559585571e-01 3.152891993522644043e-01 -7.491078972816467285e-01 5.075494199991226196e-02 4.432029128074645996e-01 5.041444897651672363e-01 -2.454707324504852295e-01 2.149327099323272705e-01 5.840494036674499512e-01 -9.912703931331634521e-02 4.586767256259918213e-01 2.864563763141632080e-01 -2.963704466819763184e-01 -2.767409682273864746e-01 -2.785491943359375000e-02 -1.435037404298782349e-01 7.686907649040222168e-01 9.618499130010604858e-02 3.073137998580932617e-01 -6.768532842397689819e-02 2.307863682508468628e-01 -4.048298895359039307e-01 2.349979579448699951e-01 2.814190387725830078e-01 1.015622094273567200e-01 -1.878042072057723999e-01 6.216472387313842773e-02 4.036166071891784668e-01 5.777644515037536621e-01 -5.761247277259826660e-01 2.729263305664062500e-01 -5.296603441238403320e-01 4.676400423049926758e-01 2.212404012680053711e-01 2.387670278549194336e-01 4.186045527458190918e-01 3.385686278343200684e-01 1.063827872276306152e-01 -2.203863263130187988e-01 1.567150056362152100e-01 -1.852621436119079590e-01 -1.655205041170120239e-01 -9.113236330449581146e-03 1.147214174270629883e-01 -5.139160156250000000e-01 2.648740708827972412e-01 3.422213494777679443e-01 4.203922450542449951e-01 4.148668944835662842e-01 2.950663566589355469e-01 1.019955798983573914e-01 4.094184637069702148e-01 -5.528054833412170410e-01 9.868372976779937744e-02 2.892322242259979248e-01 1.130575984716415405e-01 -8.054369091987609863e-01 -6.032627820968627930e-01 -1.733918786048889160e-01 4.371249079704284668e-01 4.692350029945373535e-01 -2.186244875192642212e-01 1.295606642961502075e-01 1.050735041499137878e-01 2.745719850063323975e-01 -2.101159244775772095e-01 1.697189807891845703e-01 -2.350127696990966797e-01 -4.393883049488067627e-01 4.167588055133819580e-01 -3.572218120098114014e-02 -3.062637746334075928e-01 7.882896065711975098e-02 9.032055735588073730e-02 9.909344464540481567e-02 -3.352694958448410034e-02 2.886972427368164062e-01 2.523941993713378906e-01 -3.519887924194335938e-01 -1.141761764883995056e-01 2.338571101427078247e-01 -3.723761439323425293e-01 -5.179100036621093750e-01 1.460908055305480957e-01 4.410689473152160645e-01 -3.944053351879119873e-01 8.176256716251373291e-02 -1.887691617012023926e-01 5.325303077697753906e-01 -1.896007061004638672e-01 2.762445211410522461e-01 3.791713714599609375e-01 -7.611420750617980957e-01 -3.841866180300712585e-02 -1.247862949967384338e-01 7.907732576131820679e-02 4.863527417182922363e-01 1.917134374380111694e-01 -1.142005026340484619e-01 -6.821632981300354004e-01 2.814873754978179932e-01 -3.116225600242614746e-01 4.204622805118560791e-01 -1.918112039566040039e-01 7.798038721084594727e-01 -2.778274416923522949e-01 -8.729007840156555176e-02 -3.730017691850662231e-02 -7.697979807853698730e-01 2.498100325465202332e-02 -2.270623892545700073e-01 -2.139615453779697418e-02 -5.068243741989135742e-01 1.109435558319091797e-01 -3.642953336238861084e-01 -5.499190092086791992e-01 -3.275442123413085938e-01 -2.254826426506042480e-01 6.491241455078125000e-01 2.896447777748107910e-01 1.605190038681030273e-01 1.286913156509399414e-01 -5.102870464324951172e-01 6.638350337743759155e-02 -2.699132263660430908e-01 -1.472002118825912476e-01 1.624890118837356567e-01 2.102693915367126465e-01 -1.187694445252418518e-02 -3.311435133218765259e-02 -7.756890654563903809e-01 -3.830495774745941162e-01 -2.888321578502655029e-01 2.097562421113252640e-03 8.567985147237777710e-02 3.651366233825683594e-01 3.138282299041748047e-01 4.580314159393310547e-01 -1.216207385063171387e+00 -1.581671684980392456e-01 -2.544985413551330566e-01 1.403607130050659180e-01 5.581271052360534668e-01 -6.591305136680603027e-02 -4.181054532527923584e-01 1.598206013441085815e-01 -2.193300575017929077e-01 9.161604940891265869e-02 3.394221067428588867e-01 5.465148091316223145e-01 -2.100040167570114136e-01 -6.435732245445251465e-01 1.569774150848388672e-01 -4.709073901176452637e-01 -2.851181030273437500e-01 3.399142920970916748e-01 -6.334550976753234863e-01 -1.068278193473815918e+00 -1.115266308188438416e-01 -6.551920175552368164e-01 -1.839695870876312256e-02 1.164057999849319458e-01 -1.773332506418228149e-01 2.628249824047088623e-01 -4.206433296203613281e-01 -9.357315301895141602e-02 -1.219394803047180176e-02 3.689430654048919678e-01 1.984985023736953735e-01 2.568593323230743408e-01 -1.023292317986488342e-01 -3.760632276535034180e-01 1.482575386762619019e-01 4.049731791019439697e-01 4.977219700813293457e-01 1.409700065851211548e-01 4.093074798583984375e-01 4.034741520881652832e-01 -1.213051199913024902e+00 2.905481755733489990e-01 -2.196177542209625244e-01 5.853057503700256348e-01 -5.517222881317138672e-01 2.946913242340087891e-03 -6.468092650175094604e-02 1.779908835887908936e-01 -1.413997560739517212e-01 -2.478752583265304565e-01 -9.942860901355743408e-02 -1.970164030790328979e-01 -1.529005467891693115e-01 -1.181314364075660706e-01 4.830575585365295410e-01 1.414436399936676025e-01 1.113545447587966919e-01 9.604029357433319092e-02 -5.031827092170715332e-01 2.649812102317810059e-01 -1.452626436948776245e-01 1.768933236598968506e-02 2.681913971900939941e-02 -7.682994753122329712e-02 1.676727831363677979e-02 5.558524727821350098e-01 4.961219429969787598e-02 1.352142542600631714e-01 -2.824957296252250671e-02 -3.663952052593231201e-01 -1.061938285827636719e+00 4.221388101577758789e-01 3.147233128547668457e-01 2.644982337951660156e-01 -7.037603259086608887e-01 -2.368582189083099365e-01 7.701072692871093750e-01 1.976045593619346619e-02 5.202907603234052658e-03 -2.798494994640350342e-01 -1.725318729877471924e-01 9.127367287874221802e-02 -5.009951591491699219e-01 -1.108414679765701294e-01 -2.481202036142349243e-01 4.691048860549926758e-01 5.337519571185112000e-02 1.643528044223785400e-01 4.029719904065132141e-02 7.788401842117309570e-01 -4.426882565021514893e-01 6.476257443428039551e-01 -1.327562034130096436e-01 -2.885023057460784912e-01 4.082226157188415527e-01 -8.927008509635925293e-02 -4.362954199314117432e-01 3.349539265036582947e-02 1.751644462347030640e-01 -7.089942693710327148e-01 3.964655101299285889e-03 -1.665214076638221741e-03 -1.320738196372985840e-01 1.959806978702545166e-01 -6.693342328071594238e-01 -1.357825845479965210e-01 -4.998335838317871094e-01 1.884188801050186157e-01 5.321853756904602051e-01 2.802878618240356445e-02 1.704365164041519165e-01 -1.356509029865264893e-01 -2.765187323093414307e-01 -1.878833323717117310e-01 3.584867343306541443e-02 4.103895425796508789e-01 -4.404779896140098572e-02 -1.564944386482238770e-01 -4.181326627731323242e-01 -6.195999979972839355e-01 2.563135027885437012e-01 -1.369228214025497437e-01 -1.270128935575485229e-01 2.931566536426544189e-01 4.836818873882293701e-01 -4.837300181388854980e-01 -2.365960180759429932e-01 1.687583625316619873e-01 5.095663070678710938e-01 3.253581225872039795e-01 2.197072505950927734e-01 1.682450026273727417e-01 1.622846573591232300e-01 4.329468905925750732e-01 1.876598037779331207e-02 5.890753120183944702e-02 3.904618918895721436e-01 2.569767534732818604e-01 1.096704155206680298e-01 -2.231619060039520264e-01 -1.850822567939758301e-01 3.627421557903289795e-01 -3.221209645271301270e-01 -4.693715274333953857e-01 7.412317395210266113e-01 -2.072918862104415894e-01 -2.578338980674743652e-01 1.610021740198135376e-01 -5.592033863067626953e-01 -4.597563743591308594e-01 1.657872051000595093e-01 4.450105130672454834e-01 3.023475408554077148e-01 1.808782815933227539e-01 2.997923875227570534e-04 4.417828917503356934e-01 -4.954234659671783447e-01 8.326265215873718262e-02 4.103845059871673584e-01 1.326376050710678101e-01 -9.475424140691757202e-02 -9.208145141601562500e-01 7.087148427963256836e-01 3.499364852905273438e-01 -1.812560260295867920e-01 6.774329543113708496e-01 8.871705830097198486e-02 4.286630824208259583e-02 3.063122034072875977e-01 4.718936607241630554e-02 -2.038852870464324951e-01 1.969961225986480713e-01 -1.868830807507038116e-02 2.618807256221771240e-01 5.256876721978187561e-02 -2.662144228816032410e-02 5.226739682257175446e-03 4.303175806999206543e-01 -2.067109048366546631e-01 -3.579452633857727051e-01 -4.987049698829650879e-01 3.010862506926059723e-03 9.307585656642913818e-02 1.275791972875595093e-02 -1.758439838886260986e-01 3.122734129428863525e-01 -3.842166066169738770e-01 1.101389080286026001e-01 1.136914454400539398e-02 -7.010264992713928223e-01 1.782651804387569427e-02 -1.097507700324058533e-01 3.638772666454315186e-01 -1.809488683938980103e-01 1.464633196592330933e-01 3.458968400955200195e-01 -9.753500670194625854e-02 6.181270480155944824e-01 -2.014712989330291748e-01 1.820105463266372681e-01 -2.930933833122253418e-01 -5.124434083700180054e-02 -1.102961525321006775e-01 -1.724676638841629028e-01 2.225052751600742340e-02 6.490129828453063965e-01 5.905619859695434570e-01 -1.090142056345939636e-01 2.778636515140533447e-01 -5.869454145431518555e-02 3.936731070280075073e-02 -1.606232821941375732e-01 8.724918216466903687e-02 8.798979967832565308e-02 -2.300878763198852539e-01 2.832115590572357178e-01 1.483308374881744385e-01 -1.631001830101013184e-01 -6.090734004974365234e-01 2.016114816069602966e-02 2.191318422555923462e-01 2.347943037748336792e-01 -1.040867194533348083e-01 -6.227409839630126953e-02 6.509746313095092773e-01 1.489969938993453979e-01 -2.392940074205398560e-01 -4.440928697586059570e-01 -1.024393066763877869e-01 1.995267868041992188e-01 1.803086996078491211e-01 9.617908298969268799e-02 -1.995755583047866821e-01 -4.138689637184143066e-01 -2.817027866840362549e-01 6.729246973991394043e-01 -2.879169285297393799e-01 1.419091075658798218e-01 -1.228449940681457520e-01 4.298995435237884521e-01 2.643587291240692139e-01 1.900905966758728027e-01 -2.727760076522827148e-01 -2.785640656948089600e-01 1.115655973553657532e-01 -3.302856683731079102e-01 4.640594720840454102e-01 -2.544145286083221436e-01 -4.185337722301483154e-01 -3.831032812595367432e-01 -2.735718153417110443e-03 -3.460139036178588867e-01 -8.117269873619079590e-01 2.904326319694519043e-01 -4.705188870429992676e-01 4.918782711029052734e-01 -7.897503972053527832e-01 3.991151452064514160e-01 -7.661571353673934937e-02 -4.741820394992828369e-01 8.353652060031890869e-02 -4.369774088263511658e-02 -4.360692501068115234e-01 1.701243519783020020e-01 4.517678618431091309e-01 -3.786265105009078979e-02 -3.829440847039222717e-02 4.208402633666992188e-01 -2.057438641786575317e-01 -3.648619055747985840e-01 1.210354864597320557e-01 -4.297012090682983398e-01 2.608978003263473511e-02 1.083911433815956116e-01 3.558862507343292236e-01 3.477694690227508545e-01 3.169043660163879395e-01 2.198549807071685791e-01 2.586375772953033447e-01 3.513762354850769043e-01 1.062790974974632263e-01 -2.587182261049747467e-02 -4.508601129055023193e-01 7.538370490074157715e-01 -1.942870169878005981e-01 -1.422749280929565430e+00 3.562591969966888428e-01 -6.247810721397399902e-01 1.292943395674228668e-02 -1.585838384926319122e-03 -4.740097522735595703e-01 -1.845887005329132080e-01 3.585224971175193787e-03 -3.183140978217124939e-02 1.716998219490051270e-02 2.161778658628463745e-01 4.575488716363906860e-02 2.155562341213226318e-01 -1.816650927066802979e-01 4.396129548549652100e-01 -9.813497066497802734e-01 4.013410210609436035e-01 -1.867619752883911133e-01 -7.577456533908843994e-02 -2.115666270256042480e-01 -7.770743966102600098e-02 -3.714589178562164307e-01 -2.082575708627700806e-01 4.126630350947380066e-02 1.297960430383682251e-01 -2.194684743881225586e-01 1.586041152477264404e-01 4.238372743129730225e-01 2.519970014691352844e-02 -3.777734935283660889e-02 4.255814850330352783e-01 1.214609071612358093e-01 3.117239773273468018e-01 2.408098280429840088e-01 -4.337143599987030029e-01 3.001977503299713135e-01 -3.467352092266082764e-01 2.752994298934936523e-01 6.158363074064254761e-02 2.258691936731338501e-01 5.254137516021728516e-01 1.499696224927902222e-01 9.664765596389770508e-01 4.259929358959197998e-01 7.762637734413146973e-02 -5.654557421803474426e-02 -5.183039307594299316e-01 5.036409944295883179e-02 5.649079680442810059e-01 -1.895326748490333557e-02 6.210729479789733887e-01 -4.254198968410491943e-01 1.261766701936721802e-01 -1.108383685350418091e-01 -3.523524701595306396e-01 -1.117743015289306641e+00 5.002197623252868652e-01 7.005593180656433105e-02 2.535626292228698730e-01 3.230188190937042236e-01 5.126256942749023438e-01 -5.200847238302230835e-02 1.126051619648933411e-01 2.905193865299224854e-01 -5.117319226264953613e-01 1.530002802610397339e-02 1.757277250289916992e-01 -2.508698701858520508e-01 -5.363504886627197266e-01 5.265288352966308594e-01 -3.775023221969604492e-01 4.981618523597717285e-01 1.406706422567367554e-01 -4.413297176361083984e-01 1.571101248264312744e-01 2.241224795579910278e-01 -5.180764198303222656e-01 -2.451830804347991943e-01 3.260220587253570557e-02 2.529659867286682129e-01 -5.335685014724731445e-01 9.021836519241333008e-02 2.668901979923248291e-01 3.948172926902770996e-01 9.616883844137191772e-02 2.985815107822418213e-01 6.703960150480270386e-02 -4.791917502880096436e-01 -2.505745589733123779e-01 -4.276498407125473022e-02 2.103991508483886719e-01 2.179654389619827271e-01 1.848793476819992065e-01 -1.607104837894439697e-01 -1.312249541282653809e+00 1.890875101089477539e-01 9.988605976104736328e-01 6.822174191474914551e-01 -5.335988402366638184e-01 5.476065874099731445e-01 -2.104808241128921509e-01 -3.662790656089782715e-01 -1.843675039708614349e-02 1.370785236358642578e-01 -3.141020834445953369e-01 -1.875558309257030487e-02 4.131549596786499023e-01 9.497921168804168701e-02 -1.001798391342163086e+00 4.781958758831024170e-01 4.974547773599624634e-03 2.783973813056945801e-01 6.066886782646179199e-01 1.007427647709846497e-01 -2.135345339775085449e-01 3.154995739459991455e-01 -2.179352939128875732e-02 -1.221372723579406738e+00 3.511435091495513916e-01 6.703698039054870605e-01 -1.465466022491455078e-01 -1.568361818790435791e-01 3.327437639236450195e-01 3.643506467342376709e-01 -4.519281163811683655e-02 -1.771574318408966064e-01 2.966115176677703857e-01 3.145945668220520020e-01 -2.121236920356750488e-01 9.704656898975372314e-02 -1.788519769906997681e-01 1.219980046153068542e-01 2.881321907043457031e-01 -1.928543746471405029e-01 5.324736237525939941e-02 1.570633053779602051e-01 -7.785034924745559692e-02 -8.603083491325378418e-01 2.647634744644165039e-01 -3.826628923416137695e-01 5.956289172172546387e-02 3.010890781879425049e-01 -1.105280756950378418e+00 2.908839583396911621e-01 2.314426302909851074e-01 2.141471356153488159e-01 -2.879396975040435791e-01 -5.282193422317504883e-01 8.219290524721145630e-03 -1.161845866590738297e-02 1.488559246063232422e-01 -1.076451539993286133e-01 1.091152057051658630e-02 -5.384669303894042969e-01 -1.450066715478897095e-01 -1.949401050806045532e-01 2.757530212402343750e-01 1.177596300840377808e-01 7.577499747276306152e-02 2.959522008895874023e-01 -7.806345075368881226e-02 -7.726823091506958008e-01 -2.932853102684020996e-01 -5.333869457244873047e-01 2.846511304378509521e-01 5.779239535331726074e-02 8.795706182718276978e-02 6.352926790714263916e-02 5.385023728013038635e-02 4.408276677131652832e-01 -3.105216622352600098e-01 1.694224327802658081e-01 -3.634065091609954834e-01 -2.220178991556167603e-01 1.648311465978622437e-01 3.903977274894714355e-01 1.128472462296485901e-01 -7.094333171844482422e-01 3.337085545063018799e-01 -3.301223814487457275e-01 1.609259098768234253e-02 1.787207871675491333e-01 1.593554764986038208e-02 -3.253998607397079468e-02 6.010850146412849426e-02 -3.308992683887481689e-01 -7.214592099189758301e-01 7.985436171293258667e-02 2.680703103542327881e-01 2.566694617271423340e-01 -7.754512131214141846e-02 2.331143617630004883e-01 4.959974586963653564e-01 2.823764681816101074e-01 3.507706522941589355e-01 -1.492013037204742432e-01 1.420878246426582336e-02 1.518611796200275421e-02 2.626634836196899414e-01 -2.418270856142044067e-01 5.667749047279357910e-01 -2.722526788711547852e-01 -9.190222620964050293e-02 3.946165442466735840e-01 4.265108406543731689e-01 -1.032755449414253235e-01 -1.613169759511947632e-01 7.128220200538635254e-01 -2.469805777072906494e-01 3.000156879425048828e-01 -4.205352365970611572e-01 6.021898612380027771e-02 -6.601588726043701172e-01 3.925921916961669922e-01 2.246642559766769409e-01 -6.191040277481079102e-01 2.761907875537872314e-01 9.662853479385375977e-01 1.805953383445739746e-01 3.158634305000305176e-01 -2.072494775056838989e-01 5.721492767333984375e-01 -1.764507144689559937e-01 1.519050300121307373e-01 6.902841925621032715e-01 7.860897779464721680e-01 2.711728811264038086e-01 -7.715103030204772949e-02 2.624912858009338379e-01 -3.283816576004028320e-01 -2.797331809997558594e-01 2.465724945068359375e-02 2.729968726634979248e-01 1.090758740901947021e-01 1.116134449839591980e-01 1.395974606275558472e-01 2.952686250209808350e-01 4.145867750048637390e-02 8.902501314878463745e-02 4.679600298404693604e-01 5.080638527870178223e-01 -1.266572833061218262e+00 -8.715479969978332520e-01 -8.717826008796691895e-02 1.916863471269607544e-01 3.614026308059692383e-01 2.720904052257537842e-01 5.334110856056213379e-01 4.473175108432769775e-02 1.248872131109237671e-01 1.943640708923339844e-01 -8.224101662635803223e-01 6.479673832654953003e-02 5.055684447288513184e-01 -1.035029068589210510e-01 1.989139020442962646e-01 1.194550246000289917e-01 -1.312347352504730225e-01 6.063734292984008789e-01 2.138051390647888184e-01 1.238204240798950195e-01 -4.002663195133209229e-01 2.325930297374725342e-01 3.420526683330535889e-01 1.541108191013336182e-01 2.206793054938316345e-02 6.370739936828613281e-01 5.167756676673889160e-01 1.289478540420532227e-01 -3.298344463109970093e-02 -2.022161036729812622e-01 -1.096385344862937927e-01 -5.475960969924926758e-01 -4.460824429988861084e-01 1.541154235601425171e-01 -2.093978784978389740e-02 -4.953001812100410461e-02 3.060677051544189453e-01 -1.011687219142913818e-01 1.909759789705276489e-01 -2.635658979415893555e-01 1.265302151441574097e-01 3.425551950931549072e-01 7.043360918760299683e-02 -3.578274250030517578e-01 1.802257001399993896e-01 2.823963165283203125e-01 3.740841150283813477e-01 2.999380975961685181e-02 1.294276304543018341e-02 -2.757225036621093750e-01 1.302022039890289307e-01 -5.008116830140352249e-03 -1.127205938100814819e-01 -8.503233641386032104e-02 -7.611063122749328613e-01 1.676529943943023682e-01 1.298564672470092773e-01 5.981581285595893860e-02 1.746463328599929810e-01 -7.154900580644607544e-02 -8.505369722843170166e-02 -1.451538205146789551e-01 1.809243112802505493e-01 -3.391248881816864014e-01 1.069783046841621399e-01 -1.249243691563606262e-01 -6.682593822479248047e-01 2.050968706607818604e-01 -6.442631036043167114e-02 1.439884901046752930e-01 2.170928753912448883e-03 -9.752389788627624512e-02 3.262092471122741699e-01 -2.644727006554603577e-02 -4.201064258813858032e-02 8.568346500396728516e-01 -6.259039044380187988e-01 4.555888473987579346e-01 -6.463894248008728027e-01 1.711151748895645142e-02 2.466072440147399902e-01 -1.518794298171997070e-01 2.430915832519531250e-01 1.745098829269409180e-01 -5.296524763107299805e-01 5.972666740417480469e-01 9.422094374895095825e-02 3.955431878566741943e-01 4.245178773999214172e-02 2.517226636409759521e-01 4.905798137187957764e-01 4.921237528324127197e-01 -3.570999801158905029e-01 -6.050259470939636230e-01 2.063847482204437256e-01 -4.605119526386260986e-01 3.355225324630737305e-01 -2.743066847324371338e-01 1.901496797800064087e-01 4.673139452934265137e-01 -1.144295856356620789e-01 3.482183814048767090e-02 4.577450454235076904e-01 3.206512928009033203e-01 8.362966030836105347e-02 -5.394558906555175781e-01 3.318414688110351562e-01 -2.246215939521789551e-01 7.685062289237976074e-02 -3.910315334796905518e-01 1.915064007043838501e-01 -4.312929213047027588e-01 -3.514643013477325439e-02 -6.667535305023193359e-01 1.137772053480148315e-01 -1.493104845285415649e-01 1.239385008811950684e-01 -3.021654188632965088e-01 -5.068618804216384888e-03 1.093719620257616043e-02 3.188802301883697510e-01 -4.967927336692810059e-01 6.424834728240966797e-01 1.116236075758934021e-01 -2.930484712123870850e-01 5.472929477691650391e-01 4.009940624237060547e-01 -2.315124124288558960e-01 -4.299802184104919434e-01 1.671471595764160156e-01 1.383027732372283936e-01 4.470466375350952148e-01 -6.108731627464294434e-01 2.983759045600891113e-01 5.802761912345886230e-01 -2.931857109069824219e-01 -2.999491989612579346e-01 -2.795906364917755127e-01 2.050569802522659302e-01 6.674518585205078125e-01 1.987428963184356689e-01 5.177565813064575195e-01 -2.223133295774459839e-02 5.208567976951599121e-01 -7.812717556953430176e-01 2.722751796245574951e-01 -8.223188668489456177e-02 3.025335669517517090e-01 -1.193610280752182007e-01 3.876078501343727112e-02 2.018384188413619995e-01 6.397581696510314941e-01 5.961537361145019531e-01 9.775833785533905029e-02 -9.495034813880920410e-02 2.103400975465774536e-01 -5.822603404521942139e-02 4.733249247074127197e-01 2.597094178199768066e-01 1.070099845528602600e-01 6.498679518699645996e-02 -4.616843461990356445e-01 -1.394645273685455322e-01 -1.835115104913711548e-01 -1.802489757537841797e-01 -1.607008278369903564e-01 6.046478152275085449e-01 5.476324558258056641e-01 -2.200154662132263184e-01 4.176848009228706360e-02 2.869261205196380615e-01 3.609868139028549194e-02 4.531342387199401855e-01 2.677837908267974854e-01 5.899475812911987305e-01 2.262772619724273682e-01 -1.574689056724309921e-03 2.329097539186477661e-01 -9.076953679323196411e-02 -5.590428113937377930e-01 -4.037131965160369873e-01 3.943803608417510986e-01 -1.537172794342041016e-01 -2.298975437879562378e-01 1.400464177131652832e-01 -7.081678509712219238e-02 -5.407692864537239075e-02 -4.681960120797157288e-02 1.239821612834930420e-01 -1.432917267084121704e-01 6.452503800392150879e-01 -5.775023698806762695e-01 -4.857354611158370972e-02 1.268330514430999756e-01 1.571433693170547485e-01 2.309011518955230713e-01 -3.693299368023872375e-02 6.300409436225891113e-01 1.742012649774551392e-01 4.801347553730010986e-01 -8.294646441936492920e-02 6.631260365247726440e-02 2.428645044565200806e-01 -4.410558044910430908e-01 -4.762659966945648193e-01 5.708820223808288574e-01 -2.429752051830291748e-02 -1.566259711980819702e-01 5.170151591300964355e-02 -1.382522284984588623e-03 -4.759263694286346436e-01 -3.499981015920639038e-03 1.273280382156372070e-01 -3.194321393966674805e-01 -1.484419256448745728e-01 1.475822627544403076e-01 -2.549231946468353271e-01 -1.253124885261058807e-02 1.194934099912643433e-01 1.232152879238128662e-01 3.697944283485412598e-01 1.096242293715476990e-01 -2.901881039142608643e-01 -8.145262300968170166e-02 6.893085837364196777e-01 5.101238191127777100e-02 2.685296237468719482e-01 -1.084982827305793762e-01 -4.149320349097251892e-02 2.272684276103973389e-01 2.325383722782135010e-01 3.364965617656707764e-01 1.426183339208364487e-02 5.168819427490234375e-01 2.203597500920295715e-02 2.119240537285804749e-02 5.680981278419494629e-01 3.189262449741363525e-01 -4.591630399227142334e-02 -4.300104379653930664e-01 3.527862131595611572e-01 4.446845129132270813e-02 3.394773304462432861e-01 3.598947823047637939e-01 2.503758072853088379e-01 2.166164517402648926e-01 2.735009789466857910e-01 -3.584203422069549561e-01 2.855878174304962158e-01 -2.538862824440002441e-02 1.203114762902259827e-01 -1.398845016956329346e-01 3.670031130313873291e-01 3.543827533721923828e-01 -7.079364359378814697e-02 2.531036734580993652e-01 1.917281150817871094e-01 1.277189850807189941e-01 3.382474482059478760e-01 -3.114306628704071045e-01 2.405643761157989502e-01 1.621466577053070068e-01 2.479818463325500488e-01 -3.812896907329559326e-01 -1.813237518072128296e-01 1.947444677352905273e-01 2.968857437372207642e-02 8.532763719558715820e-01 2.361790537834167480e-01 6.339584589004516602e-01 1.543146371841430664e-01 4.219079911708831787e-01 -5.989578366279602051e-01 2.907741367816925049e-01 -1.379185318946838379e-01 2.147613316774368286e-01 -2.183591425418853760e-01 -1.598361134529113770e-01 -1.273428052663803101e-01 9.027650207281112671e-02 1.155805401504039764e-02 -2.445737458765506744e-02 3.915557563304901123e-01 -4.350503087043762207e-01 -3.265133202075958252e-01 -6.548574566841125488e-02 2.117423266172409058e-01 5.391694903373718262e-01 -2.302495539188385010e-01 -8.577905893325805664e-01 2.596218883991241455e-01 2.476307004690170288e-01 -6.588533520698547363e-01 2.142242342233657837e-01 -1.126098185777664185e-01 -2.195855677127838135e-01 2.693839967250823975e-01 6.932216882705688477e-01 2.324561029672622681e-02 -7.446126639842987061e-02 7.653050869703292847e-02 8.225037157535552979e-02 6.001491546630859375e-01 2.735923416912555695e-02 -5.562677383422851562e-01 4.548230767250061035e-01 2.643516659736633301e-01 1.831768751144409180e-01 -1.237862706184387207e-01 1.079191826283931732e-02 4.723553657531738281e-01 -2.211555689573287964e-01 3.625157773494720459e-01 -3.163999617099761963e-01 1.912107765674591064e-01 -8.234320580959320068e-02 5.060335397720336914e-01 9.590675681829452515e-02 -2.092392593622207642e-01 3.748249411582946777e-01 7.111521810293197632e-02 6.739459931850433350e-02 -5.205958485603332520e-01 1.934304982423782349e-01 -1.127804666757583618e-01 8.528588339686393738e-03 4.011475741863250732e-01 4.291201233863830566e-01 -3.649695962667465210e-02 -5.082352161407470703e-01 -1.560610681772232056e-01 2.223544418811798096e-01 8.607807755470275879e-02 -1.050804853439331055e-01 1.810447722673416138e-01 4.641956686973571777e-01 5.699250698089599609e-01 5.397835969924926758e-01 3.492229878902435303e-01 -1.809297502040863037e-02 -5.852565914392471313e-02 2.746021747589111328e-01 -1.991620808839797974e-01 -2.437090873718261719e-01 8.077570050954818726e-02 -3.655897378921508789e-01 -2.407608740031719208e-02 3.776247501373291016e-01 -3.880445957183837891e-01 -3.069560229778289795e-01 2.749649882316589355e-01 6.710249185562133789e-02 3.083002865314483643e-01 1.638566851615905762e-01 1.898656934499740601e-01 1.415262967348098755e-01 -2.378984838724136353e-01 4.744585603475570679e-02 1.741652637720108032e-01 5.848941802978515625e-01 -2.877386510372161865e-01 1.869819611310958862e-01 3.344802856445312500e-01 -2.091776579618453979e-01 2.503072023391723633e-01 4.019145667552947998e-02 2.290234863758087158e-01 6.504060029983520508e-01 -3.454760313034057617e-01 7.847428321838378906e-02 4.756449162960052490e-01 2.771874368190765381e-01 3.412114381790161133e-01 -2.226558141410350800e-02 9.355840086936950684e-02 -5.953647568821907043e-02 3.184841275215148926e-01 -2.355749756097793579e-01 7.764985412359237671e-02 -1.964472979307174683e-01 -3.390325009822845459e-01 5.807757377624511719e-02 -4.293550252914428711e-01 2.504871785640716553e-01 5.751004815101623535e-01 3.277608752250671387e-01 4.282813072204589844e-01 3.731079995632171631e-01 -2.284455299377441406e-01 3.542703092098236084e-01 -2.393080443143844604e-01 -2.939995825290679932e-01 -5.609832704067230225e-03 5.188231468200683594e-01 7.601925171911716461e-03 2.221574336290359497e-01 1.714340299367904663e-01 -3.990275859832763672e-01 -1.329734325408935547e-01 6.919164061546325684e-01 3.942873179912567139e-01 2.152642905712127686e-01 -7.376985996961593628e-02 5.198174715042114258e-01 2.009143233299255371e-01 5.717722773551940918e-01 -1.072127819061279297e+00 -1.016441136598587036e-01 2.870700880885124207e-02 -5.702267289161682129e-01 -4.656916856765747070e-02 -3.781706094741821289e-01 -1.014778971672058105e+00 -3.780333399772644043e-01 1.342609971761703491e-01 1.721708476543426514e-01 3.660706877708435059e-01 -2.628175914287567139e-01 -2.449589669704437256e-01 -4.825062155723571777e-01 2.768282294273376465e-01 4.374685585498809814e-01 3.304104208946228027e-01 3.982121646404266357e-01 -5.089534521102905273e-01 3.664885759353637695e-01 -5.321663618087768555e-01 -6.165913492441177368e-02 -2.789162695407867432e-01 -4.024406969547271729e-01 -4.371859431266784668e-01 1.368932425975799561e-01 -2.472277879714965820e-01 -6.177745759487152100e-02 -7.389678061008453369e-02 2.551203072071075439e-01 1.467932462692260742e-01 -2.203231453895568848e-01 6.827558279037475586e-01 2.458407580852508545e-01 5.172324776649475098e-01 3.626154363155364990e-02 -2.720262110233306885e-01 1.918458640575408936e-01 -2.216960936784744263e-01 2.598641514778137207e-01 -4.067682102322578430e-02 -3.898261189460754395e-01 1.266520917415618896e-01 1.606640592217445374e-02 7.008962333202362061e-02 -3.344821631908416748e-01 -4.483000561594963074e-02 1.617138385772705078e-01 2.319271564483642578e-01 3.333512842655181885e-01 8.268524706363677979e-02 -2.685869857668876648e-02 -9.667854756116867065e-02 -4.530073404312133789e-01 2.679037749767303467e-01 3.452617526054382324e-01 4.655032753944396973e-01 3.948597311973571777e-01 1.048740446567535400e-01 4.690932035446166992e-01 -1.170787960290908813e-01 1.252755708992481232e-02 -7.724218964576721191e-01 -3.748363256454467773e-01 2.759641706943511963e-01 7.628335356712341309e-01 -6.460020691156387329e-02 2.333650290966033936e-01 7.980333566665649414e-01 3.660300374031066895e-01 -2.435853034257888794e-01 1.332349926233291626e-01 -1.891216635704040527e-01 6.335733830928802490e-02 2.856746613979339600e-01 -1.158625781536102295e-01 1.923807859420776367e-01 -2.158246338367462158e-01 7.859848439693450928e-02 2.996460497379302979e-01 4.385401308536529541e-02 2.935571372509002686e-01 6.876727938652038574e-02 5.369853973388671875e-01 5.078980326652526855e-01 3.910326361656188965e-01 -3.796165436506271362e-02 -5.137708783149719238e-01 5.701227486133575439e-02 1.017486572265625000e+00 3.598188981413841248e-02 5.043014883995056152e-01 3.608944714069366455e-01 4.944561421871185303e-01 -6.489686965942382812e-01 3.168792128562927246e-01 -5.139361619949340820e-01 2.674143947660923004e-02 -9.563341736793518066e-02 -1.288171708583831787e-01 3.504708409309387207e-01 -7.252656817436218262e-01 -4.091157615184783936e-01 6.790810078382492065e-02 1.481520086526870728e-01 -7.830851078033447266e-01 1.087472587823867798e-01 -1.138341784477233887e+00 -1.182200759649276733e-01 -1.154073476791381836e-01 5.148445963859558105e-01 -1.631824374198913574e-01 1.365283131599426270e-01 1.636307239532470703e-01 3.544488847255706787e-01 -4.096637666225433350e-02 -2.533591687679290771e-01 4.202258884906768799e-01 -6.842520087957382202e-02 6.400480866432189941e-02 3.983781337738037109e-01 9.031489491462707520e-02 2.361091524362564087e-01 -3.488799035549163818e-01 3.937011361122131348e-01 2.040253728628158569e-01 5.429719761013984680e-02 4.010840356349945068e-01 3.417894840240478516e-01 -1.248057782649993896e-01 4.590818583965301514e-01 2.925398945808410645e-01 9.471648372709751129e-04 2.005622982978820801e-01 -1.502165943384170532e-02 7.349170744419097900e-02 -9.969442486763000488e-01 1.174368560314178467e-01 7.915121316909790039e-02 1.015910282731056213e-01 1.901630312204360962e-02 6.965292990207672119e-02 1.919625699520111084e-01 -4.898328185081481934e-01 -5.401252508163452148e-01 -1.603491008281707764e-01 1.594851911067962646e-01 -1.495262831449508667e-01 4.631716012954711914e-01 1.412880793213844299e-02 1.776248961687088013e-01 2.842334471642971039e-02 4.658875465393066406e-01 3.994950056076049805e-01 2.116531431674957275e-01 3.238715529441833496e-01 -3.028245866298675537e-01 -5.236558318138122559e-01 2.265263199806213379e-01 -3.114361763000488281e-01 -3.738443851470947266e-01 -8.553218096494674683e-02 5.021726712584495544e-03 2.838204503059387207e-01 1.588518545031547546e-02 -9.948201477527618408e-03 3.165352940559387207e-01 2.732681334018707275e-01 -2.766113281250000000e-01 -1.482025086879730225e-01 5.340032577514648438e-01 1.644004136323928833e-01 4.365314841270446777e-01 -5.809178352355957031e-01 4.859455302357673645e-02 -5.601742863655090332e-02 1.245641410350799561e-01 -1.487656682729721069e-01 -1.351892352104187012e-01 7.178811728954315186e-02 6.999230384826660156e-02 2.049483060836791992e-01 2.026205360889434814e-01 -4.117381274700164795e-01 7.827819883823394775e-02 1.283861994743347168e-01 6.786366701126098633e-01 -1.053232073783874512e+00 -4.076332151889801025e-01 2.281410247087478638e-01 -9.497048705816268921e-02 1.481984257698059082e-01 -4.203496873378753662e-01 -1.088647842407226562e-01 1.045662071555852890e-02 2.863701581954956055e-01 -6.573435068130493164e-01 2.195002883672714233e-01 1.919916123151779175e-01 7.129189372062683105e-02 3.951881527900695801e-01 -4.337848424911499023e-01 1.883849501609802246e-01 1.924581527709960938e-01 1.233035326004028320e-01 -1.474449187517166138e-01 1.652101874351501465e-01 -5.751328468322753906e-01 5.660216808319091797e-01 1.426367368549108505e-02 -1.152352094650268555e-01 -3.429448008537292480e-01 1.470561772584915161e-01 2.334176301956176758e-01 -2.973117232322692871e-01 -4.176040291786193848e-01 4.017923176288604736e-01 -2.799878716468811035e-01 1.289743036031723022e-01 3.341827392578125000e-01 -4.088257551193237305e-01 1.411698162555694580e-01 5.637648701667785645e-01 -6.063132882118225098e-01 7.095029205083847046e-02 -4.403205215930938721e-01 -1.402534544467926025e-01 -6.196198984980583191e-02 2.399397492408752441e-01 5.050429105758666992e-01 -2.126675099134445190e-02 3.102369308471679688e-01 3.579093813896179199e-01 -3.957231342792510986e-01 1.295594871044158936e-01 -3.462886512279510498e-01 -2.461234629154205322e-01 -1.447018980979919434e+00 -5.657972097396850586e-01 -4.506856203079223633e-02 -1.752240657806396484e-01
