4.735996946692466736e-02 8.173395693302154541e-02 2.177553921937942505e-01 -1.098003029823303223e+00 -4.737391136586666107e-03 -3.999519646167755127e-01 -6.428578495979309082e-01 -1.180328726768493652e+00 -4.713800847530364990e-01 -3.361094295978546143e-01 9.997253119945526123e-02 -1.622084714472293854e-02 4.379588365554809570e-01 2.651836574077606201e-01 -8.583034873008728027e-01 -2.924169301986694336e-01 -4.775676429271697998e-01 2.188455685973167419e-02 1.532495915889739990e-01 1.970077902078628540e-01 6.257638335227966309e-01 1.758302748203277588e-02 9.193271398544311523e-02 1.150632724165916443e-01 5.565680265426635742e-01 4.564857482910156250e-01 -1.755373924970626831e-01 -7.320346683263778687e-02 -6.392737627029418945e-01 2.396973669528961182e-01 4.479619860649108887e-01 3.992429971694946289e-01 3.592581152915954590e-01 -3.262420184910297394e-03 -1.916606277227401733e-01 2.168967723846435547e-01 -3.126848042011260986e-01 2.943183481693267822e-01 -2.418424785137176514e-01 1.475742906332015991e-01 9.073275327682495117e-02 -5.932699441909790039e-01 -4.223433881998062134e-02 1.683249473571777344e-01 -3.094258904457092285e-01 -2.242573499679565430e-01 3.363349437713623047e-01 2.616219520568847656e-01 -1.623830944299697876e-01 2.569823563098907471e-01 2.566251456737518311e-01 3.378300666809082031e-01 1.456595808267593384e-01 7.670476287603378296e-02 -7.564439177513122559e-01 3.858113884925842285e-01 -3.964378237724304199e-01 -2.954148352146148682e-01 -1.640085689723491669e-02 -1.650432795286178589e-01 -9.740972891449928284e-03 -5.272310972213745117e-01 -4.385838806629180908e-01 2.310236170887947083e-02 -5.185182094573974609e-01 5.309245362877845764e-02 3.754260241985321045e-01 5.845329761505126953e-01 4.257206320762634277e-01 3.706116974353790283e-01 6.109900474548339844e-01 3.297760486602783203e-01 3.022282421588897705e-01 -2.285379469394683838e-01 -4.108961820602416992e-01 1.037360429763793945e-01 5.134921520948410034e-02 -2.621036171913146973e-01 3.319167792797088623e-01 5.134522914886474609e-03 -3.411049544811248779e-01 6.278653740882873535e-01 1.078429818153381348e-01 2.895107679069042206e-02 -1.785700917243957520e-01 2.020263373851776123e-01 4.594413340091705322e-01 -8.520277738571166992e-01 -1.161392927169799805e-01 -3.549973666667938232e-01 4.758353233337402344e-01 -5.605811476707458496e-01 -3.094224333763122559e-01 -4.681543707847595215e-01 5.900434255599975586e-01 5.646620392799377441e-01 3.292165696620941162e-01 4.946849942207336426e-01 7.423344068229198456e-03 -2.154726684093475342e-01 2.337394654750823975e-01 -2.700308561325073242e-01 4.592971205711364746e-01 6.442519277334213257e-02 4.529340565204620361e-01 -3.001838028430938721e-01 1.721710711717605591e-01 2.648233175277709961e-01 -5.088450908660888672e-01 5.167946815490722656e-01 -1.780101656913757324e-01 -2.191493958234786987e-01 2.067476958036422729e-01 7.626740261912345886e-04 1.797941178083419800e-01 -6.370268762111663818e-02 -2.119706757366657257e-02 -5.863826274871826172e-01 1.798452287912368774e-01 4.694313108921051025e-01 9.485210478305816650e-02 -1.627504825592041016e+00 2.464815229177474976e-02 9.222669899463653564e-02 3.713791072368621826e-01 1.263310015201568604e-01 -1.071729511022567749e-01 5.567399263381958008e-01 -6.150692701339721680e-02 -5.279464125633239746e-01 3.220283985137939453e-02 -8.151541650295257568e-02 5.080888867378234863e-01 1.344033628702163696e-01 -8.896272629499435425e-02 -5.084654688835144043e-01 -2.225337326526641846e-01 -2.015100866556167603e-01 2.879877090454101562e-01 -7.231206297874450684e-01 4.709864556789398193e-01 -2.773321978747844696e-02 2.226738333702087402e-01 -1.487254053354263306e-01 7.737241983413696289e-01 9.548410028219223022e-02 -4.945448637008666992e-01 2.799762785434722900e-01 2.079237848520278931e-01 -5.579020977020263672e-01 6.858848780393600464e-02 2.164839208126068115e-01 -2.327029109001159668e-01 4.503314495086669922e-01 3.612721562385559082e-01 2.596507072448730469e-01 -1.948473602533340454e-01 3.595339953899383545e-01 -1.387869268655776978e-01 4.084237217903137207e-01 6.894809007644653320e-01 -4.222587943077087402e-01 2.504917979240417480e-02 1.235583722591400146e-01 -7.213534414768218994e-02 -2.844568900763988495e-02 7.650026082992553711e-01 -1.668354496359825134e-02 1.638183146715164185e-01 2.791026532649993896e-01 3.113779723644256592e-01 2.160603553056716919e-01 -2.126210927963256836e-01 -5.192827582359313965e-01 4.886139333248138428e-01 2.899076044559478760e-01 5.399885177612304688e-01 1.534939259290695190e-01 -4.745714366436004639e-01 -2.562731802463531494e-01 3.551619648933410645e-01 5.832942575216293335e-02 1.596478372812271118e-01 -1.135109513998031616e-01 -2.920707687735557556e-02 -4.485080242156982422e-01 2.132516950368881226e-01 -1.290259510278701782e-01 -4.123130142688751221e-01 3.744127452373504639e-01 3.720508515834808350e-02 1.521316468715667725e-01 7.311408221721649170e-02 1.393663603812456131e-02 -8.475933223962783813e-03 2.366061508655548096e-01 -2.920187711715698242e-01 -1.883206367492675781e-01 5.357223153114318848e-01 -3.254940807819366455e-01 7.044970989227294922e-03 -2.999070286750793457e-01 6.025076508522033691e-01 -2.042739838361740112e-01 6.463639140129089355e-01 3.031705915927886963e-01 -1.715232431888580322e-01 -4.341408014297485352e-01 -6.892945766448974609e-01 -2.332678735256195068e-01 4.816706180572509766e-01 1.935917288064956665e-01 -7.558993995189666748e-02 -2.516722381114959717e-01 1.296478807926177979e-01 2.436712086200714111e-01 -3.298119902610778809e-01 -1.136160865426063538e-01 -1.911439746618270874e-02 -1.773071438074111938e-01 7.065369486808776855e-01 -9.185126423835754395e-02 1.950364112854003906e-01 3.371588885784149170e-01 -1.000299826264381409e-01 -4.161386489868164062e-01 -4.535342752933502197e-01 -4.038764834403991699e-01 2.547530829906463623e-01 6.435932517051696777e-01 1.424647271633148193e-01 3.821109831333160400e-01 2.896829545497894287e-01 -3.519572317600250244e-01 4.280058294534683228e-02 2.904296815395355225e-01 -2.807472348213195801e-01 -5.062752868980169296e-03 1.849097162485122681e-01 -2.863138020038604736e-01 2.703107297420501709e-01 3.705308735370635986e-01 -1.908163577318191528e-01 2.599558830261230469e-01 3.525827825069427490e-01 -1.362425386905670166e-01 1.761914789676666260e-01 2.077656388282775879e-01 -9.075848013162612915e-02 4.804554283618927002e-01 -3.888003528118133545e-01 4.271498322486877441e-01 2.681692540645599365e-01 2.779334783554077148e-01 9.767822921276092529e-02 8.296255767345428467e-02 6.413622498512268066e-01 3.869043290615081787e-01 1.277552098035812378e-01 1.271273642778396606e-01 -2.007687091827392578e-02 -2.292464822530746460e-01 9.681238979101181030e-02 1.654678285121917725e-01 3.151492029428482056e-02 7.401665300130844116e-02 4.312473535537719727e-01 3.389806449413299561e-01 7.710468769073486328e-02 3.689813911914825439e-01 3.556841313838958740e-01 4.205548763275146484e-01 1.599919646978378296e-01 -1.125981211662292480e-01 2.885906994342803955e-01 -1.046527743339538574e+00 4.337837100028991699e-01 8.404654264450073242e-02 -4.441610723733901978e-02 5.866997241973876953e-01 2.171389609575271606e-01 2.246373891830444336e-01 -4.913960024714469910e-02 1.231196075677871704e-01 3.825491964817047119e-01 1.869677305221557617e-01 -4.851799607276916504e-01 -4.373427852988243103e-02 -1.622279882431030273e+00 2.505957484245300293e-01 -2.341370582580566406e-01 1.538508236408233643e-01 -3.787364065647125244e-01 -2.585517466068267822e-01 1.172738373279571533e-01 -2.287362217903137207e-01 -1.811061203479766846e-01 -1.373290866613388062e-01 -5.019060969352722168e-01 4.420199394226074219e-01 1.030075624585151672e-01 1.751344650983810425e-01 -6.828220188617706299e-02 7.230108976364135742e-01 -6.470691561698913574e-01 -1.455310583114624023e-01 -9.500111639499664307e-02 -3.914465755224227905e-02 2.671663463115692139e-01 -5.146348476409912109e-01 2.664823234081268311e-01 4.576410353183746338e-01 -2.965054810047149658e-01 5.441157817840576172e-01 -1.412999182939529419e-01 2.958875298500061035e-01 6.106734275817871094e-02 -6.557133793830871582e-02 1.566296070814132690e-01 4.250840246677398682e-01 -3.173258900642395020e-01 -9.344191849231719971e-02 -5.187609791755676270e-02 -6.702864766120910645e-01 4.115130901336669922e-01 -1.246605589985847473e-01 3.290946185588836670e-01 -7.322643995285034180e-01 -5.941388010978698730e-01 4.831659495830535889e-01 4.614413976669311523e-01 2.080491185188293457e-01 2.748563289642333984e-01 -2.596001923084259033e-01 3.619166612625122070e-01 1.673912853002548218e-01 -2.464175671339035034e-01 3.528917729854583740e-01 3.675602674484252930e-01 5.357694029808044434e-01 -3.262037932872772217e-01 1.878042817115783691e-01 -1.244391575455665588e-01 5.442786961793899536e-02 2.445506453514099121e-01 -6.463758647441864014e-02 8.611782640218734741e-02 3.808965086936950684e-01 -1.227688193321228027e-01 3.935263156890869141e-01 3.014433942735195160e-02 7.007486820220947266e-01 -9.570692777633666992e-01 1.146766394376754761e-01 3.936291486024856567e-02 4.056093990802764893e-01 2.682852745056152344e-01 -5.226635932922363281e-01 3.334489762783050537e-01 -6.474744081497192383e-01 -1.110726147890090942e-01 1.524085700511932373e-01 5.185111165046691895e-01 2.590853273868560791e-01 -1.210518106818199158e-01 1.449485123157501221e-01 -1.912472248077392578e-01 -4.870639741420745850e-01 1.955908536911010742e-02 3.471223711967468262e-01 -1.204330176115036011e-01 1.012925244867801666e-02 -2.197803370654582977e-02 2.662645280361175537e-01 -9.206907451152801514e-02 -7.274839282035827637e-02 4.199136793613433838e-01 -2.688168920576572418e-02 2.279640734195709229e-01 -4.197029173374176025e-01 3.256061077117919922e-01 4.863412082195281982e-01 4.023402035236358643e-01 5.615647882223129272e-02 4.490641355514526367e-01 9.709148854017257690e-02 1.290041059255599976e-01 5.827066898345947266e-01 -2.976309694349765778e-02 -1.604049950838088989e-01 2.318010032176971436e-01 -4.034500718116760254e-01 1.403517127037048340e-01 -1.429881453514099121e-01 3.928229510784149170e-01 -2.855277657508850098e-01 -1.923564076423645020e-01 -1.142167765647172928e-02 -3.697005808353424072e-01 -1.523494958877563477e+00 -6.925861537456512451e-02 7.788155972957611084e-02 2.333763539791107178e-01 2.935836017131805420e-01 4.078487753868103027e-01 -7.165381312370300293e-02 -2.489975094795227051e-01 2.917634546756744385e-01 1.854672729969024658e-01 -1.028562858700752258e-01 -4.471361264586448669e-02 -2.849391698837280273e-01 -4.090001583099365234e-01 2.712543010711669922e-01 1.583155542612075806e-01 3.388408571481704712e-02 6.573729515075683594e-01 -4.085802137851715088e-01 -1.830056905746459961e-01 -2.599752843379974365e-01 -1.333094090223312378e-01 2.153648287057876587e-01 -3.955430388450622559e-01 2.076239287853240967e-01 2.411343455314636230e-01 7.070101499557495117e-01 -2.106096744537353516e-01 5.069801211357116699e-01 1.180157810449600220e-01 6.352345943450927734e-01 1.501287072896957397e-01 1.121234297752380371e-01 2.963606119155883789e-01 3.432707190513610840e-01 -6.551192402839660645e-01 -3.335103392601013184e-01 4.999307543039321899e-02 4.336364567279815674e-01 2.296149581670761108e-01 1.260474175214767456e-01 2.765890657901763916e-01 -1.199733614921569824e-01 -7.803775668144226074e-01 2.565808594226837158e-01 -5.037103891372680664e-01 1.593376696109771729e-01 2.556026577949523926e-01 -1.443163305521011353e-01 -3.484808206558227539e-01 -1.173645257949829102e+00 2.571366727352142334e-01 -3.487886488437652588e-01 4.294425845146179199e-01 -7.627462595701217651e-02 -1.272750616073608398e+00 2.111970335245132446e-01 5.620312094688415527e-01 2.882578670978546143e-01 -4.026087373495101929e-02 1.744591593742370605e-01 1.536853164434432983e-01 3.357793986797332764e-01 1.122022978961467743e-03 -1.645941883325576782e-01 3.758619129657745361e-01 -8.580903410911560059e-01 -3.837597966194152832e-01 5.977157950401306152e-01 -7.278192639350891113e-01 -4.038776457309722900e-02 2.199944257736206055e-01 4.107396304607391357e-01 1.298480182886123657e-01 2.910042703151702881e-01 2.405664622783660889e-01 1.600645184516906738e-01 2.601994872093200684e-01 -3.332660347223281860e-02 4.210316538810729980e-01 3.388542830944061279e-01 6.365351676940917969e-01 3.171226382255554199e-01 2.879128158092498779e-01 -7.906760573387145996e-01 -5.713754892349243164e-01 2.562995813786983490e-02 6.890126504004001617e-03 8.988864719867706299e-04 -2.167816758155822754e-01 -6.775596737861633301e-01 1.966911852359771729e-01 1.524455398321151733e-01 -2.146624177694320679e-01 2.981763780117034912e-01 -3.663918077945709229e-01 -1.193339973688125610e-01 5.091460943222045898e-01 -1.221806481480598450e-01 2.886468172073364258e-02 -3.314376175403594971e-01 1.589203029870986938e-01 2.098898291587829590e-01 2.451010644435882568e-01 2.284670919179916382e-01 3.457672595977783203e-01 6.241694688796997070e-01 7.853046804666519165e-02 1.147058010101318359e-01 2.260087430477142334e-01 -6.568925082683563232e-02 -1.505239605903625488e-01 -1.731937229633331299e-01 -2.029620110988616943e-01 2.237774878740310669e-01 -2.364091277122497559e-01 7.566781044006347656e-01 -5.126322805881500244e-02 1.828010976314544678e-01 -1.159918785095214844e+00 -2.568106539547443390e-02 -2.106585353612899780e-02 -3.854852914810180664e-01 -1.871823966503143311e-01 -1.182902157306671143e-01 1.216836180537939072e-02 5.156593918800354004e-01 1.614046841859817505e-01 3.512131571769714355e-01 8.434646576642990112e-02 1.286390889436006546e-02 1.944666504859924316e-01 8.745960891246795654e-02 -8.563646674156188965e-02 -7.103184461593627930e-01 1.057442277669906616e-01 2.715111672878265381e-01 -8.890582919120788574e-01 -2.304514199495315552e-01 4.939709305763244629e-01 -3.444029092788696289e-01 -2.939453125000000000e-01 -2.453424185514450073e-01 -3.740893602371215820e-01 -7.226260006427764893e-02 2.721967995166778564e-01 5.025959610939025879e-01 -9.479001164436340332e-01 -7.236301153898239136e-02 -1.468871980905532837e-01 1.411991268396377563e-01 -2.116617709398269653e-01 -4.696052372455596924e-01 -5.703558772802352905e-02 -4.749377965927124023e-01 6.564828753471374512e-02 -9.145425632596015930e-03 4.543992877006530762e-01 5.132070779800415039e-01 -2.360008805990219116e-01 8.106065392494201660e-01 2.285094261169433594e-01 1.824817657470703125e-01 -5.598372220993041992e-01 -3.228014409542083740e-01 -3.538091480731964111e-01 -4.010547101497650146e-01 3.410259187221527100e-01 4.759742617607116699e-01 3.131351470947265625e-01 -1.117579191923141479e-01 -9.647251367568969727e-01 3.319549262523651123e-01 2.348760813474655151e-01 3.895525336265563965e-01 3.027259707450866699e-01 -4.258957505226135254e-01 -6.658887490630149841e-03 -1.067860960960388184e+00 1.858991198241710663e-02 -3.789668083190917969e-01 -7.017638087272644043e-01 -1.735131740570068359e-01 3.795989751815795898e-01 -7.708634436130523682e-02 -6.189246773719787598e-01 4.945700466632843018e-01 1.161640733480453491e-01 -4.357462525367736816e-01 1.199057698249816895e-02 6.815359741449356079e-02 6.847763806581497192e-02 5.157604217529296875e-01 -3.517649173736572266e-01 2.039603292942047119e-01 1.080045774579048157e-01 3.723982870578765869e-01 5.285729169845581055e-01 5.697453022003173828e-01 3.942293673753738403e-02 1.657829619944095612e-02 2.447304576635360718e-01 -3.768734633922576904e-02 -5.692667961120605469e-01 -3.575045168399810791e-01 1.489147394895553589e-01 -3.141990005970001221e-01 -1.725140213966369629e-02 3.343211412429809570e-01 -6.336747407913208008e-01 -1.446574628353118896e-01 1.574381291866302490e-01 -9.642707556486129761e-02 -1.578003168106079102e-02 -4.674466550350189209e-01 2.162188291549682617e-01 1.186249107122421265e-01 -4.608706012368202209e-02 1.570511460304260254e-01 8.240315914154052734e-01 6.753474473953247070e-01 2.521888911724090576e-01 4.168114960193634033e-01 -2.006406784057617188e-01 -7.691009342670440674e-02 -4.128022193908691406e-01 -1.326189190149307251e-01 -3.154068291187286377e-01 -6.263128519058227539e-01 3.749772310256958008e-01 -1.237368360161781311e-01 4.016625881195068359e-01 2.803874313831329346e-01 2.270312607288360596e-01 -4.150885343551635742e-02 4.670462310314178467e-01 -3.045464307069778442e-02 3.138849139213562012e-01 9.246414527297019958e-03 -2.796480953693389893e-01 9.655095636844635010e-04 -7.618449628353118896e-03 5.642164349555969238e-01 8.185179904103279114e-03 1.573556512594223022e-01 -4.573033750057220459e-01 -4.867137074470520020e-01 2.738785743713378906e-01 3.394834399223327637e-01 -2.697989642620086670e-01 -2.066654711961746216e-01 1.328671537339687347e-02 6.812664121389389038e-02 3.880098462104797363e-01 -5.934485793113708496e-02 -6.018570810556411743e-02 -1.496281743049621582e+00 2.493872642517089844e-01 2.118057757616043091e-01 3.807880580425262451e-01 -2.550298869609832764e-01 1.446813791990280151e-01 1.515975296497344971e-01 3.824814260005950928e-01 2.119717299938201904e-01 3.042288124561309814e-01 2.982941269874572754e-02 2.059300839900970459e-01 1.815538555383682251e-01 1.049967408180236816e-01 2.053942382335662842e-01 -3.251969814300537109e-01 2.020332813262939453e-01 1.071906313300132751e-01 -2.387855052947998047e-01 3.436626493930816650e-02 4.156792536377906799e-02 2.565152049064636230e-01 -9.357600808143615723e-01 2.825374603271484375e-01 7.494709491729736328e-01 -3.821501433849334717e-01 1.463690847158432007e-01 8.031669259071350098e-02 -1.190880537033081055e+00 -5.440062880516052246e-01 -2.626022994518280029e-01 -1.412514001131057739e-01 -4.034526050090789795e-01 1.013656239956617355e-02 -1.932320743799209595e-02 6.948676891624927521e-03 -6.220826879143714905e-03 3.303152322769165039e-01 2.022574245929718018e-01 -2.236121296882629395e-01 -1.381130963563919067e-01 1.214495003223419189e-01 1.316364854574203491e-01 3.791177868843078613e-01 6.378335505723953247e-02 2.275227457284927368e-01 -2.926892936229705811e-01 1.285286098718643188e-01 1.064164415001869202e-01 -7.417671382427215576e-02 4.611769020557403564e-01 1.889551281929016113e-01 -3.008651137351989746e-01 -2.640488743782043457e-01 2.923425137996673584e-01 -9.589052200317382812e-02 1.611658781766891479e-01 -3.091954290866851807e-01 -3.349927961826324463e-01 2.146074771881103516e-01 6.511844694614410400e-02 4.101919233798980713e-01 -4.362176656723022461e-01 -2.399986982345581055e-01 6.277869343757629395e-01 3.950881361961364746e-01 4.319710731506347656e-01 6.577454507350921631e-02 3.649413287639617920e-01 4.185956716537475586e-01 5.673780664801597595e-02 -5.190787911415100098e-01 -1.229705214500427246e-01 -9.885732531547546387e-01 -2.100592404603958130e-01 2.221853137016296387e-01 2.464492470026016235e-01 -8.738435804843902588e-03 4.264107942581176758e-01 -2.029950916767120361e-01 8.831237554550170898e-01 -2.890574336051940918e-01 -3.638935387134552002e-01 -6.317304968833923340e-01 -7.749132812023162842e-02 7.326874881982803345e-02 6.845726072788238525e-02 2.636709213256835938e-01 5.790059566497802734e-01 2.263416349887847900e-01 3.801815509796142578e-01 -4.025104939937591553e-01 -3.369974493980407715e-01 -6.379987597465515137e-01 3.889348357915878296e-03 9.781378507614135742e-02 -1.448925435543060303e-01 -6.901700980961322784e-03 -5.782179534435272217e-03 2.724553830921649933e-02 -4.068034291267395020e-01 4.190191626548767090e-02 5.605502799153327942e-02 9.899736046791076660e-01 2.661285400390625000e-01 -3.266827762126922607e-01 -4.024659693241119385e-01 1.839404925704002380e-02 4.186196029186248779e-01 1.147230118513107300e-01 2.297662645578384399e-01 3.212841153144836426e-01 3.687710762023925781e-01 3.085522949695587158e-01 1.133594736456871033e-01 -2.932923138141632080e-01 -4.898121207952499390e-02 4.584844037890434265e-02 1.111743688583374023e+00 4.075945820659399033e-03 1.259841620922088623e-01 3.424721956253051758e-01 6.583014130592346191e-02 5.414654612541198730e-01 4.386814683675765991e-02 5.491653680801391602e-01 -1.572193950414657593e-01 5.839486122131347656e-01 -3.804769217967987061e-01 -2.881559729576110840e-02 4.117559492588043213e-01 -7.966710329055786133e-01 -1.262690275907516479e-01 -1.261737942695617676e-01 -1.397777199745178223e-01 -4.035355523228645325e-03 -4.695371538400650024e-02 3.802998960018157959e-01 1.456069499254226685e-01 -8.166428804397583008e-01 -5.004140362143516541e-02 -4.747185409069061279e-01 -3.629722446203231812e-02 2.053757607936859131e-01 -2.942014634609222412e-01 -3.380360603332519531e-01 9.977622330188751221e-02 4.678394794464111328e-01 4.816317185759544373e-02 3.180030882358551025e-01 -1.184873938560485840e+00 -2.191000282764434814e-01 9.108021855354309082e-02 -1.382416188716888428e-01 6.252365112304687500e-01 -5.845531821250915527e-01 5.552269518375396729e-02 5.450378656387329102e-01 4.600562900304794312e-02 -1.332156807184219360e-01 1.815165877342224121e-01 5.441350862383842468e-02 3.255482017993927002e-02 -2.377338260412216187e-01 2.998946309089660645e-01 -6.177470088005065918e-01 3.526688814163208008e-01 -1.539927423000335693e-01 5.522886663675308228e-02 -6.961236596107482910e-01 -6.895289570093154907e-02 7.432231307029724121e-02 -8.701409399509429932e-02 2.516871094703674316e-01 -1.806581318378448486e-01 6.879239082336425781e-01 5.754625424742698669e-02 -4.505594670772552490e-01 2.789471745491027832e-01 -2.096943259239196777e-01 3.060740530490875244e-01 1.835825443267822266e-01 2.471582442522048950e-01 1.377571821212768555e-01 -3.155187070369720459e-01 8.719030022621154785e-02 -3.370063304901123047e-01 1.761833429336547852e-01 -4.425171613693237305e-01 5.041544437408447266e-01 -6.298043131828308105e-01 -2.080573588609695435e-01 -1.031583786010742188e+00 -3.817404620349407196e-03 1.953121274709701538e-03 5.232146978378295898e-01 -1.059271842241287231e-01 -1.026011183857917786e-01 -1.238479092717170715e-01 -5.710523128509521484e-01 4.551299810409545898e-01 2.247636765241622925e-01 -1.545720249414443970e-01 -5.664211511611938477e-01 -3.032109513878822327e-02 -1.302291512489318848e+00 1.836237907409667969e-01 2.185842096805572510e-01 -2.249125838279724121e-01 -1.280687563121318817e-02 -1.848262846469879150e-01 4.566395282745361328e-02 9.769639372825622559e-02 -7.021455764770507812e-01 2.049210667610168457e-02 6.638468243181705475e-03 -6.635003536939620972e-02 -5.099230632185935974e-02 3.921313583850860596e-02 4.556823074817657471e-01 -8.955947756767272949e-01 -4.693024456501007080e-01 4.411801993846893311e-01 -5.441179275512695312e-01 7.070286571979522705e-02 -1.161850094795227051e-01 4.090180099010467529e-01 4.307123720645904541e-01 2.994411587715148926e-01 6.852011382579803467e-02 -6.446034908294677734e-01 -3.942981958389282227e-01 1.219204813241958618e-02 -5.664542317390441895e-01 -2.093705683946609497e-01 -4.101826846599578857e-01 5.738078951835632324e-01 -6.454648375511169434e-01 3.221114352345466614e-02 4.260302186012268066e-01 -1.928301155567169189e-02 1.316116303205490112e-01 -2.193719446659088135e-01 -9.745987057685852051e-01 1.772303134202957153e-01 -4.248575866222381592e-01 2.771868743002414703e-02 2.838480100035667419e-02 1.356256008148193359e-01 4.391595125198364258e-01 -2.534471452236175537e-01 4.349011182785034180e-01 9.259171038866043091e-02 -6.205387115478515625e-01 -2.989768385887145996e-01 9.088261425495147705e-02 -2.041136324405670166e-01 4.696197509765625000e-01 -6.006014347076416016e-01 -1.461923271417617798e-01 8.548706769943237305e-02 -5.782025456428527832e-01 -6.355794668197631836e-01 -2.826180458068847656e-01 5.659168586134910583e-02 1.496725827455520630e-01 1.981276422739028931e-01 -5.321462824940681458e-02 2.420821040868759155e-02 -1.877027601003646851e-01 2.373192757368087769e-01 -3.891186714172363281e-01 3.861952722072601318e-01 5.371096134185791016e-01 2.170947194099426270e-01 1.229416579008102417e-01 -1.650128960609436035e-01 2.322420030832290649e-01 1.741509586572647095e-01 -3.676730990409851074e-01 -2.931387424468994141e-01 -7.374609708786010742e-01 -3.560830280184745789e-02 -4.199003279209136963e-01 1.600961834192276001e-01 4.431380331516265869e-01 1.672302931547164917e-02 2.861934900283813477e-01 1.180460080504417419e-01 -6.429631263017654419e-02 -7.295431196689605713e-02 3.682003319263458252e-01 -4.100980162620544434e-01 -2.129594087600708008e-01 -9.767720475792884827e-04 -3.343703150749206543e-01 -2.074943482875823975e-01 -9.387603998184204102e-01 1.609403938055038452e-01 4.564986824989318848e-01 -3.673556149005889893e-01 -5.860208868980407715e-01 1.956432163715362549e-01 2.366723269224166870e-01 4.122422933578491211e-01 1.188564747571945190e-01 4.303750693798065186e-01 2.711589932441711426e-01 3.986260294914245605e-01 -7.841899394989013672e-01 -1.312476396560668945e-01 3.282709717750549316e-01 6.748432517051696777e-01 3.590039312839508057e-01 -4.385147094726562500e-01 -4.186737537384033203e-01 8.575372397899627686e-02 -1.647193133831024170e-01 1.503826677799224854e-01 -1.925610750913619995e-01 5.539098381996154785e-02 -4.135587811470031738e-01 -8.903731107711791992e-01 -4.241365790367126465e-01 6.887173652648925781e-01 6.647967547178268433e-02 2.107830941677093506e-01 -3.612586557865142822e-01 -1.450449228286743164e-01 2.021904438734054565e-01 -1.429489403963088989e-01 1.055127978324890137e-01 -3.122210800647735596e-01 -2.989633679389953613e-01 -8.022380471229553223e-01 -3.203558325767517090e-01 9.939008206129074097e-02 5.028607845306396484e-01 -3.994956612586975098e-01 3.880212903022766113e-01 4.850759729743003845e-02 -9.904337674379348755e-02 2.303453981876373291e-01 4.856333509087562561e-02 2.018505632877349854e-01 1.840482279658317566e-02 3.706173598766326904e-01 -2.793041989207267761e-02 1.387246102094650269e-01 -2.345858067274093628e-01 4.365816712379455566e-01 5.146535634994506836e-01 9.732855111360549927e-02 6.121496856212615967e-02 -1.250080317258834839e-01 -2.451497018337249756e-01 -1.110600158572196960e-01 8.890199661254882812e-02 -1.001864001154899597e-01 -5.523848161101341248e-02 2.021387368440628052e-01 -1.246203184127807617e-01 1.593181490898132324e-01 8.507279306650161743e-02 7.776008248329162598e-01 4.183098077774047852e-01 5.323881506919860840e-01 3.583533763885498047e-01 3.425174355506896973e-01 5.787675976753234863e-01 4.800550639629364014e-01 3.942361474037170410e-01 6.463131308555603027e-02 1.758254021406173706e-01 4.541672766208648682e-03 -3.590608239173889160e-01 -5.714021921157836914e-01 4.118305444717407227e-02 -2.706595361232757568e-01 8.278604596853256226e-02 4.676270112395286560e-02 -4.349777400493621826e-01 -3.699980080127716064e-01 4.251943230628967285e-01 -2.122715115547180176e-03 -8.934073150157928467e-03 3.011276386678218842e-02 5.708375573158264160e-01 -3.534314781427383423e-02 -7.132983207702636719e-01 2.295101061463356018e-02 -1.704530231654644012e-02 3.316375315189361572e-01 5.142526030540466309e-01 2.512629330158233643e-01 -1.788084805011749268e-01 2.078122943639755249e-01 -7.538466900587081909e-02 -7.397705912590026855e-01 1.454487591981887817e-01 3.277862071990966797e-01 -2.015166282653808594e-01 -4.363855347037315369e-02 -4.064804315567016602e-01 4.379273653030395508e-01 -9.442409873008728027e-02 9.273777902126312256e-02 -5.352897197008132935e-02 2.249722331762313843e-01 4.064196348190307617e-01 2.108696103096008301e-01 -4.525826498866081238e-02 9.038097411394119263e-02 -1.892635226249694824e-01 -3.704729303717613220e-02 -1.214974969625473022e-01 -4.837618768215179443e-01 -9.813678264617919922e-01 -1.145130395889282227e+00 3.399335443973541260e-01 3.967596217989921570e-02 -2.386922389268875122e-01 2.151413112878799438e-01 -9.694768190383911133e-01 -3.825727477669715881e-02 -1.142313957214355469e+00 -4.949771165847778320e-01 2.875570952892303467e-01 1.863979101181030273e-01 1.400671899318695068e-01 2.152450829744338989e-01 2.075785398483276367e-01 3.777822256088256836e-01 -1.920911818742752075e-01 -2.960911989212036133e-01 6.976931542158126831e-02 8.643018081784248352e-04 2.323719412088394165e-01 2.283654659986495972e-01 -4.884093999862670898e-01 8.611927926540374756e-02 2.549279034137725830e-01 -4.718843996524810791e-01 -5.626974105834960938e-01 2.002579569816589355e-01 -4.269001483917236328e-01 -1.351200044155120850e-01 -3.503199815750122070e-01 2.721709907054901123e-01 -1.313668638467788696e-01 2.079969793558120728e-01 2.021513879299163818e-01 -3.094883169978857040e-03 1.456150710582733154e-01 2.104926481842994690e-02 -1.273253746330738068e-02 -4.980180859565734863e-01 4.841579794883728027e-01 2.770595550537109375e-01 6.089384853839874268e-02 3.655420243740081787e-01 -9.470914304256439209e-02 -6.372560858726501465e-01 -6.661311537027359009e-02 -2.879666164517402649e-02 -5.358344316482543945e-01 -2.127637863159179688e-01 -9.449426084756851196e-02 -1.495869159698486328e+00 4.855730384588241577e-02 3.807946145534515381e-01 2.978057265281677246e-01 2.339049279689788818e-01 -3.388469219207763672e-01 -1.616439223289489746e-01 8.805750310420989990e-02 -1.716289967298507690e-01 2.746253088116645813e-02 3.921190202236175537e-01 -8.864042758941650391e-01 1.806415170431137085e-01 -1.600743085145950317e-01 -1.366404145956039429e-01 -1.989084631204605103e-01 2.725066244602203369e-01 2.020540982484817505e-01 8.153906464576721191e-02 3.056211471557617188e-01 5.661817789077758789e-01 -9.370334446430206299e-02 -7.054153680801391602e-01 4.351400136947631836e-01 6.288688629865646362e-02 -2.020384930074214935e-02 1.104741990566253662e-01 -3.257900178432464600e-01 2.307847440242767334e-01 -4.449390470981597900e-01 -1.773690246045589447e-02 3.682194650173187256e-01 -4.988665580749511719e-01 -3.864096403121948242e-01 -8.694206476211547852e-01 -5.467771291732788086e-01 -9.849565476179122925e-02 7.232861518859863281e-01 -5.670703053474426270e-01 8.385837078094482422e-02 1.402570456266403198e-01 -1.039640784263610840e+00 -1.309357583522796631e-01 -4.784420132637023926e-01 6.125655174255371094e-01 2.536944746971130371e-01 -2.650761306285858154e-01 2.303373962640762329e-01 -9.149393439292907715e-02 -1.439781188964843750e-01 4.948618113994598389e-01 2.641699910163879395e-01 1.630872637033462524e-01 2.460347265005111694e-01 -3.008254468441009521e-01 -4.589911401271820068e-01 9.981772303581237793e-02 1.739253103733062744e-01 2.050430178642272949e-01 1.845781058073043823e-01 1.678629666566848755e-01 1.145111247897148132e-01 7.385805249214172363e-02 -1.767779439687728882e-01 -7.772141695022583008e-02 1.103821098804473877e-01 4.865388274192810059e-01 -1.338247776031494141e+00 -1.371019333600997925e-01 9.160675853490829468e-02 3.811967968940734863e-01 -1.034634113311767578e+00 2.324899137020111084e-01 -1.676327586174011230e-01 3.445610404014587402e-01 1.397183090448379517e-01 3.058058917522430420e-01 1.129654236137866974e-02 2.971932105720043182e-02 4.071465432643890381e-01 -5.289982557296752930e-01 -5.126783847808837891e-01 -2.685837149620056152e-01 -3.671686947345733643e-01 1.790075898170471191e-01 3.581562638282775879e-02 -4.363393485546112061e-01 2.387123405933380127e-01 -1.414858698844909668e-01 1.188792586326599121e-01 2.259600013494491577e-01 -1.842150390148162842e-01 -7.342698574066162109e-01 4.116126596927642822e-01 -4.544172286987304688e-01 8.752000331878662109e-01 5.253679752349853516e-01 -7.418792843818664551e-01 -3.137443661689758301e-01 4.251350462436676025e-01 -7.108602523803710938e-01 9.360352754592895508e-01 -1.422245055437088013e-01 1.514727771282196045e-01 -4.535968601703643799e-02 -2.631115317344665527e-01 1.621467247605323792e-02 7.348383218050003052e-02 -1.015421673655509949e-01 2.352272719144821167e-01 -5.351642370223999023e-01 4.384707808494567871e-01 2.421075254678726196e-01 3.300248384475708008e-01 3.463175594806671143e-01 7.750617712736129761e-02 -4.460420459508895874e-02 2.484917938709259033e-01 -4.516460299491882324e-01 -9.962148219347000122e-02 1.586061120033264160e-01 -9.676635265350341797e-02 3.814718425273895264e-01 2.831487655639648438e-01 8.338290452957153320e-01 1.515552848577499390e-01 -7.933138012886047363e-01 -3.416406810283660889e-01 -1.715427041053771973e-01 6.454399228096008301e-02 3.853493928909301758e-01 1.198152974247932434e-01 -9.487689286470413208e-02 1.160157695412635803e-01 1.440445780754089355e-01 -2.748546004295349121e-01 2.319948971271514893e-01 -9.649510681629180908e-02 -6.854559183120727539e-01 -3.144309520721435547e-01 -1.663422584533691406e-01 4.135647416114807129e-01 -3.023456782102584839e-02 2.038721889257431030e-01 -1.542000770568847656e-01 -6.808773875236511230e-01 -5.732269883155822754e-01 -2.949369549751281738e-01 2.920748889446258545e-01 -9.508039802312850952e-02 3.822264671325683594e-01 -4.378822147846221924e-01 -4.284568727016448975e-01 4.650298357009887695e-01 3.101007342338562012e-01 -2.664096653461456299e-01 6.452951431274414062e-01 1.417638361454010010e-01 -3.887650072574615479e-01 2.115726321935653687e-01 -3.158515393733978271e-01 2.482170611619949341e-02 3.476264178752899170e-01 -2.610342502593994141e-01 -2.193134725093841553e-01 -1.349481940269470215e-01 -3.198477923870086670e-01 -3.446802794933319092e-01 3.435864448547363281e-01 4.472051858901977539e-01 2.253679558634757996e-02 2.957784831523895264e-01 -6.553091853857040405e-02 5.320996642112731934e-01 7.200420647859573364e-02 3.623997271060943604e-01 -7.080930471420288086e-01 3.158847391605377197e-01 1.118603572249412537e-01 1.215301454067230225e-01 1.265331059694290161e-01 -2.971711754798889160e-01 1.253624856472015381e-01 -8.626368641853332520e-01 2.261123806238174438e-02 -2.503557316958904266e-02 -4.908562600612640381e-01 1.040700525045394897e-01 2.884316444396972656e-01 1.072198078036308289e-01 -1.135111570358276367e+00 -5.479651317000389099e-02 5.134211778640747070e-01 1.160939037799835205e-01 9.997904300689697266e-02 1.117724776268005371e-01 2.281412780284881592e-01 -6.306536197662353516e-01 -7.438245415687561035e-02 2.008932530879974365e-01 4.740848243236541748e-01 1.721277832984924316e-01 1.673708707094192505e-01 -3.978942334651947021e-01 5.963850766420364380e-03 9.895397722721099854e-02 3.839786350727081299e-01 2.192169576883316040e-01 -3.931788504123687744e-01 1.155930384993553162e-01 8.539656996726989746e-01 -2.639321982860565186e-01 2.043736726045608521e-01 3.640925884246826172e-01 -1.962780207395553589e-01 -3.852225095033645630e-02 6.022027134895324707e-02 -1.848377585411071777e-01 -6.853721141815185547e-01 2.633638381958007812e-01 4.593239426612854004e-01 1.824286282062530518e-01 1.232283487915992737e-01 4.596432298421859741e-02 -8.929276466369628906e-02 1.346424221992492676e-01 7.763609290122985840e-02 2.954103797674179077e-02 3.848707377910614014e-01 -2.135607898235321045e-01 -6.266072392463684082e-02 1.034440621733665466e-01 -6.573233604431152344e-01 5.945277810096740723e-01 3.916935026645660400e-01 1.740876734256744385e-01 -3.715752065181732178e-01 -7.456973791122436523e-01 -2.960595786571502686e-01 -1.084236055612564087e-01 1.571296900510787964e-01 -2.580322325229644775e-01 -2.217013388872146606e-02 4.117636084556579590e-01 -1.372052878141403198e-01 -2.534094452857971191e-01 -5.888879895210266113e-01 9.848807752132415771e-02 -1.226154565811157227e-01 -9.339172393083572388e-04 2.342608720064163208e-01 2.361859753727912903e-02 1.420138478279113770e-01 7.715159058570861816e-01 4.314056932926177979e-01 3.104771375656127930e-01 -3.757745325565338135e-01 1.892953813076019287e-01 8.781017735600471497e-03 1.604456454515457153e-02 -1.606103628873825073e-01 3.076494932174682617e-01 4.471687972545623779e-01 -3.597685098648071289e-01 1.570320874452590942e-02 -5.018524527549743652e-01 3.412464559078216553e-01 2.556027770042419434e-01 2.433794736862182617e-02 3.163953125476837158e-01 -6.362409889698028564e-02 5.189805030822753906e-01 3.127693012356758118e-02 3.386706709861755371e-01 2.314978986978530884e-01 7.852992415428161621e-02 -4.086948335170745850e-01 1.393183320760726929e-01 2.435994446277618408e-01 2.960304617881774902e-01 -2.249162793159484863e-01 5.561736822128295898e-01 3.151185214519500732e-01 -7.413107901811599731e-02 7.017291784286499023e-01 -2.564529478549957275e-01 2.486661672592163086e-01 -3.133298158645629883e-01 -4.831336438655853271e-01 1.892924010753631592e-01 3.710994869470596313e-02 -2.493355870246887207e-01 -7.107048630714416504e-01 2.584833204746246338e-01 1.323826313018798828e-01 6.940132007002830505e-04 1.655077934265136719e-01 -6.240293383598327637e-01 1.933913826942443848e-01 -5.745819583535194397e-02 -8.671659231185913086e-02 -5.984311103820800781e-01 -1.418600231409072876e-01 7.454288005828857422e-02 6.320703029632568359e-01 -2.452304363250732422e-01 5.104299783706665039e-01 7.454923391342163086e-01 -2.507670968770980835e-02 -3.224996328353881836e-01 -7.350972294807434082e-02 -2.486328035593032837e-01 4.243065118789672852e-01 1.972525417804718018e-01 3.934929370880126953e-01 -1.557838916778564453e-01 -2.401139736175537109e-01 4.882223308086395264e-01 8.034121394157409668e-01 -1.255342960357666016e-01 -4.313473701477050781e-01 -2.604377567768096924e-01 2.024758160114288330e-01 -9.849447757005691528e-02 4.309400022029876709e-01 -3.062732517719268799e-02 -5.331779122352600098e-01 -3.372493386268615723e-01 -3.155147731304168701e-01 1.632964760065078735e-01 -8.207602500915527344e-01 -3.875937312841415405e-02 -3.011477887630462646e-01 9.690388292074203491e-02 -3.371983766555786133e-02 -4.974290728569030762e-02 4.741589725017547607e-01 5.317915678024291992e-01 -6.121132150292396545e-02 -1.527094691991806030e-01 -1.544652432203292847e-01 -3.996808528900146484e-01 -6.124241352081298828e-01 -3.734872341156005859e-01 -2.791761755943298340e-01 3.727651238441467285e-01 -2.739077992737293243e-02 3.281961381435394287e-01 -1.558457612991333008e-01 -2.604330480098724365e-01 3.668239414691925049e-01 -4.331689327955245972e-02 -9.720965474843978882e-02 3.334356844425201416e-01 2.316357195377349854e-01 6.653232127428054810e-02 -3.130848333239555359e-02 -3.360910415649414062e-01 -1.065042376518249512e+00 1.542565077543258667e-01 2.825990319252014160e-01 2.093248665332794189e-01 6.168523803353309631e-02 2.307348251342773438e-01 3.735488653182983398e-01 4.034414291381835938e-01 1.736079454421997070e-01 2.023382037878036499e-01 2.033419162034988403e-01 3.620945811271667480e-01 5.577502846717834473e-01 5.143473297357559204e-02 6.812582165002822876e-02 4.727564752101898193e-01 6.612942367792129517e-02 8.717916607856750488e-01 -2.878817617893218994e-01 2.600907087326049805e-01 5.853402018547058105e-01 -9.573383629322052002e-02 1.626880653202533722e-02 2.181220613420009613e-02 2.921233177185058594e-01 6.110898405313491821e-02 -4.684001207351684570e-02 -6.279351115226745605e-01 2.031387090682983398e-01 -5.513286590576171875e-01 2.008218169212341309e-01 -2.416611462831497192e-01 1.185646057128906250e-01 -7.462356984615325928e-02 -1.349084973335266113e-01 -6.347639560699462891e-01 -1.208517253398895264e-01 6.090505719184875488e-01 -1.950732916593551636e-01 1.306270062923431396e-01 -4.061605334281921387e-01 -8.960122242569923401e-03 -4.593187868595123291e-01 6.683858633041381836e-01 -6.770731508731842041e-02 6.591428518295288086e-01 -6.730350852012634277e-01 2.384215779602527618e-02 6.153382658958435059e-01 -1.009063050150871277e-01 -3.288285136222839355e-01 3.807193934917449951e-01 2.912366986274719238e-01 -4.065649509429931641e-01 1.366653889417648315e-01 -9.654140472412109375e-02 1.995321810245513916e-01 -2.017686665058135986e-01 -4.093932732939720154e-02 -2.797669768333435059e-01 6.008015275001525879e-01 2.007296830415725708e-01 6.733688712120056152e-02 6.171981804072856903e-04 -1.072236597537994385e-01 1.761724650859832764e-01 2.358183413743972778e-01 3.170078694820404053e-01 2.549943327903747559e-01 1.731557697057723999e-01 2.177816778421401978e-01 4.480518102645874023e-01 6.774355657398700714e-03 8.120572566986083984e-02 -1.417500376701354980e-01 3.529007434844970703e-01 4.610913395881652832e-01 3.148078024387359619e-01 -1.522567495703697205e-02 3.685373067855834961e-02 7.137988805770874023e-01 1.742582917213439941e-01 -1.495288461446762085e-01 -1.632182300090789795e-01 3.574077785015106201e-01 -3.286969661712646484e-01 6.839592009782791138e-03 -2.744494378566741943e-02 -1.086497753858566284e-01 1.101417541503906250e-01 2.262894511222839355e-01 1.070938110351562500e-01 4.342613816261291504e-01 1.951402127742767334e-01 -1.047692894935607910e-01 -7.580676078796386719e-01 -1.105860471725463867e+00 3.944849967956542969e-02 -9.394855499267578125e-01 -4.210170805454254150e-01 -1.550894975662231445e+00 -1.514804959297180176e-01 9.152320772409439087e-02 -1.888534054160118103e-02 1.290472745895385742e-01 -1.023967027664184570e+00 -1.979336142539978027e-01 3.604707866907119751e-02 -1.057818233966827393e-01 3.122850507497787476e-02 8.472011983394622803e-02 -2.100274860858917236e-01 -8.751413226127624512e-02 2.990775704383850098e-01 -1.107523292303085327e-01 -7.427349686622619629e-01 -1.006966009736061096e-01 3.519476950168609619e-01 -8.500366806983947754e-01 -3.477266430854797363e-02 -1.042269945144653320e+00 -6.661816239356994629e-01 -1.015316173434257507e-01 -8.619706332683563232e-02 5.007840692996978760e-02 6.160894036293029785e-01 -2.215539067983627319e-01 -3.986680209636688232e-01 -1.568438559770584106e-01 -4.201907664537429810e-02 -5.869475007057189941e-02 -2.229314595460891724e-01 2.910998463630676270e-01 -6.114553287625312805e-02 1.852130866609513760e-03 1.096070334315299988e-01 -8.276662975549697876e-02 -5.610945224761962891e-01 -6.996869444847106934e-01 1.841916888952255249e-01 5.118905901908874512e-01 4.996573925018310547e-01 1.089795976877212524e-01 2.667160630226135254e-01 4.773331433534622192e-02 6.814228296279907227e-01 -1.068365812301635742e+00 -1.180932223796844482e-01 4.725786298513412476e-02 -4.878987669944763184e-01 -3.209412992000579834e-01 -6.058518886566162109e-01 -1.300947926938533783e-02 5.103787779808044434e-02 6.965154409408569336e-01 -2.182901650667190552e-01 3.762903809547424316e-01 -1.182786896824836731e-01 -1.123104572296142578e+00 -1.209168657660484314e-01 -4.740752279758453369e-03 4.860538542270660400e-01 1.666900366544723511e-01 2.477036267518997192e-01 -2.575136423110961914e-01 -1.731386423110961914e+00 -3.467216491699218750e-01 1.388839781284332275e-01 1.874006092548370361e-01 1.037629246711730957e-01 3.425634205341339111e-01 2.150046676397323608e-01 5.449813604354858398e-01 3.204512596130371094e-02 3.509855866432189941e-01 -1.764118075370788574e-01 4.989320784807205200e-02 4.000543057918548584e-01 -1.404730081558227539e-01 -6.409791857004165649e-02 -2.174685448408126831e-01 3.072403557598590851e-02 -3.916444182395935059e-01 4.412751644849777222e-02 3.502468764781951904e-01 7.681664824485778809e-02 2.904805243015289307e-01 -3.300612568855285645e-01 2.418923079967498779e-01 -1.262910515069961548e-01 -4.244915246963500977e-01 1.449556648731231689e-01 -2.235171496868133545e-01 3.141235560178756714e-02 -7.568016648292541504e-03 -7.934656143188476562e-01 9.430328756570816040e-02 -3.569993376731872559e-01 -7.136252522468566895e-01 3.216044977307319641e-02 -1.147697210311889648e+00 -5.040417909622192383e-01 7.495327852666378021e-03 -1.051538810133934021e-02 -6.452506184577941895e-01 1.360446065664291382e-01 -3.476902842521667480e-01 5.395777523517608643e-02 -6.562430262565612793e-01 3.180085420608520508e-01 -3.985297679901123047e-01 6.623593568801879883e-01 4.676733613014221191e-01 -1.306349225342273712e-02 -2.117539942264556885e-01 -1.792760342359542847e-01 4.829670488834381104e-02 4.643474519252777100e-01 8.624542504549026489e-03 3.360916674137115479e-02 -1.611884385347366333e-01 -2.263290137052536011e-01 5.608271956443786621e-01 -3.548455610871315002e-02 9.358461946249008179e-02 -2.498106360435485840e-01 -7.715897262096405029e-02 -4.660331308841705322e-01 1.814742982387542725e-01 4.381506443023681641e-01 2.693265080451965332e-01 3.104992397129535675e-02 4.225388765335083008e-01 -4.698143303394317627e-01 -7.182095646858215332e-01 -3.602043390274047852e-01 2.817499637603759766e-01 2.761602699756622314e-01 2.296665757894515991e-01 -2.236449718475341797e-01 -7.256703823804855347e-02 1.056785881519317627e-01 3.548650145530700684e-01 -5.762938410043716431e-02 -3.736822903156280518e-01 1.793300732970237732e-02 -2.350651472806930542e-01 -8.402457088232040405e-02 8.682039566338062286e-03 -6.460605561733245850e-02 1.884473860263824463e-01 -1.356762945652008057e-01 7.517951726913452148e-02 3.923501968383789062e-01 -1.482984274625778198e-01 -2.284065261483192444e-02 -4.643230736255645752e-01 5.051519870758056641e-01 2.958107590675354004e-01 3.655845522880554199e-01 5.798225104808807373e-02 -2.085423171520233154e-01 2.784265577793121338e-01 -2.612839341163635254e-01 -6.165067553520202637e-01 -3.202824592590332031e-01 1.197740137577056885e-01 -2.312254533171653748e-02 1.069929003715515137e-01 2.285494804382324219e-01 3.564471900463104248e-01 9.513837099075317383e-02 1.353993266820907593e-01 -2.729372382164001465e-01 -1.095152050256729126e-01 4.140475690364837646e-01 6.268698573112487793e-01 6.372877210378646851e-02 6.240115165710449219e-01 2.366234809160232544e-01 2.438358068466186523e-01 9.239081293344497681e-02 -1.164827030152082443e-02 -2.048502862453460693e-01 6.760368943214416504e-01 -3.460736274719238281e-01 -5.376727879047393799e-02 1.104181855916976929e-01 -6.992168724536895752e-03 -9.221487641334533691e-01 4.525284171104431152e-01 5.852013826370239258e-01 -8.464694768190383911e-02 -1.026949808001518250e-01 -9.782568216323852539e-01 -2.397827431559562683e-02 -2.768847644329071045e-01 5.681591033935546875e-01 2.367084324359893799e-01 1.970540583133697510e-01 -6.793534755706787109e-02 2.089264392852783203e-01 -1.769186705350875854e-01 3.037974536418914795e-01 2.601861357688903809e-01 2.922675609588623047e-01 1.983178555965423584e-01 2.897840738296508789e-01 7.328031063079833984e-01 -1.257954090833663940e-01 -6.400175094604492188e-01 2.435522526502609253e-02 4.208958521485328674e-02 -7.087666988372802734e-01 6.229168176651000977e-02 2.109490931034088135e-01 1.242289468646049500e-01 4.987425208091735840e-01 -1.591840386390686035e-01 3.195961415767669678e-01 -1.023417338728904724e-02 3.575694561004638672e-01 -2.793122529983520508e-01 -6.309307217597961426e-01 1.443016231060028076e-01 6.865279674530029297e-01 2.860984504222869873e-01 9.066442400217056274e-02 3.778158873319625854e-02 -1.056459695100784302e-01 3.351643085479736328e-01 5.412860214710235596e-02 -7.906082272529602051e-02 3.006179332733154297e-01 -3.788232207298278809e-01 -2.467583864927291870e-02 8.109916746616363525e-02 2.629639804363250732e-01 -2.556514143943786621e-01 1.364622861146926880e-01 1.409638375043869019e-01 3.360189497470855713e-01 -8.858652412891387939e-02 2.845567464828491211e-01 8.305225968360900879e-01 -1.729292571544647217e-01 5.187580585479736328e-01 -9.533324837684631348e-01 -5.619632825255393982e-02 2.834327220916748047e-01 -3.069608211517333984e-01 2.038226127624511719e-01 6.791373491287231445e-01 3.994524776935577393e-01 -8.089551329612731934e-02 5.067431181669235229e-02 -1.897494792938232422e-01 1.017328351736068726e-01 -1.949093341827392578e-01 2.386681586503982544e-01 1.623952686786651611e-01 3.278374373912811279e-01 1.548559516668319702e-01 7.654422521591186523e-02 1.175815165042877197e-01 4.586439207196235657e-02 2.179917246103286743e-01 1.846762001514434814e-01 -2.679581642150878906e-01 2.892487943172454834e-01 1.800485700368881226e-01 -2.174389660358428955e-01 1.399411559104919434e-01 -3.544743359088897705e-01 1.947942376136779785e-01 -3.801430761814117432e-01 -3.036499321460723877e-01 3.106567561626434326e-01 3.225280940532684326e-01 7.226218283176422119e-02 -1.061549305915832520e+00 -1.011791527271270752e-01 5.181641131639480591e-02 1.989440619945526123e-02 2.829917669296264648e-01 -2.506401240825653076e-01 2.020010054111480713e-01 4.666110277175903320e-01 -3.219016790390014648e-01 -7.277151942253112793e-02 -7.535264492034912109e-01 3.124936819076538086e-01 -4.239021986722946167e-02 1.003936901688575745e-01 2.663291431963443756e-02 7.336110621690750122e-02 -4.793013930320739746e-01 3.814099431037902832e-01 -1.129388213157653809e-01 -4.140627682209014893e-01 6.796428561210632324e-02 4.558413624763488770e-01 1.862595528364181519e-01 4.091840088367462158e-01 4.448677301406860352e-01 -1.204971000552177429e-01 8.340030908584594727e-02 -2.030297219753265381e-01 3.649040758609771729e-01 2.140750885009765625e-01 -1.007903292775154114e-01 7.369696348905563354e-02 1.346549987792968750e-01 1.649270020425319672e-02 4.115440547466278076e-01 -5.550616979598999023e-01 -2.875098884105682373e-01 1.874013841152191162e-01 1.711642295122146606e-01 1.706020981073379517e-01 3.428940773010253906e-01 -8.054416626691818237e-02 6.170399188995361328e-01 -8.698570728302001953e-02 -7.814501225948333740e-02 5.500906705856323242e-01 -4.774758517742156982e-01 3.448695242404937744e-01 1.672814339399337769e-01 4.387578070163726807e-01 1.227996647357940674e-01 -4.905702471733093262e-01 1.022287607192993164e-01 -9.259852766990661621e-02 1.183994859457015991e-01 6.013957858085632324e-01 3.891294449567794800e-02 4.052031934261322021e-01 5.064350366592407227e-01 -1.141043230891227722e-01 -7.461585402488708496e-01 -5.246055722236633301e-01 3.693978786468505859e-01 -4.556383937597274780e-04 1.285543441772460938e-01 -4.609568417072296143e-01 -9.969536215066909790e-02 3.932724595069885254e-01 -1.061406970024108887e+00 -1.274392753839492798e-01 3.970056027173995972e-02 1.592852771282196045e-01 -2.859343029558658600e-02 1.770580112934112549e-01 -8.252447098493576050e-02 2.086574584245681763e-01 2.460093647241592407e-01 1.659323424100875854e-01 4.606318771839141846e-01 1.310589760541915894e-01 -1.065489351749420166e-01 -6.683090329170227051e-01 3.193374574184417725e-01 -9.608543477952480316e-03 1.779405325651168823e-01 4.732683673501014709e-02 -1.718422621488571167e-01 1.221042424440383911e-01 -1.403156220912933350e-01 2.251567244529724121e-01 7.076340913772583008e-01 2.336776852607727051e-01 3.186456263065338135e-01 1.742668151855468750e-01 1.961150765419006348e-01 -4.278497695922851562e-01 -3.269509971141815186e-02 -1.287540793418884277e-01 -2.630158662796020508e-01 3.683315217494964600e-01 1.010777801275253296e-01 1.294036358594894409e-01 -1.192359030246734619e-01 2.409737184643745422e-02 6.216381490230560303e-02 2.768486142158508301e-01 -5.540608763694763184e-01 -8.394328877329826355e-03 4.277596473693847656e-01 -3.065534830093383789e-01 -1.861369758844375610e-01 6.171076297760009766e-01 2.932880520820617676e-01 -2.729255855083465576e-01 1.678078323602676392e-01 7.456225156784057617e-02 -2.916257083415985107e-01 -1.311021447181701660e-01 -4.268199205398559570e-01 6.348743438720703125e-01 -1.693347282707691193e-02 -2.794580757617950439e-01 1.110122725367546082e-02 1.143722832202911377e-01 -1.100496873259544373e-01 2.317073643207550049e-01 -1.940108090639114380e-01 -4.649798274040222168e-01 -1.603819578886032104e-01 -2.585367858409881592e-01 4.442571476101875305e-02 2.976454496383666992e-01 -2.942561358213424683e-02 -3.577656149864196777e-01 5.564815998077392578e-01 -3.104861080646514893e-02 1.130415946245193481e-01 -1.566154509782791138e-01 1.904717534780502319e-01 2.437331676483154297e-01 -1.203899830579757690e-02 4.324751794338226318e-01 -9.488108158111572266e-01 -1.871772110462188721e-01 9.939921088516712189e-03 7.297305017709732056e-02 -1.741683781147003174e-01 -1.061103492975234985e-01 -1.785288304090499878e-01 2.310479879379272461e-01 -3.802473247051239014e-01 -3.193097412586212158e-01 -9.811350703239440918e-02 -9.308143705129623413e-02 7.410520315170288086e-02 -2.427107691764831543e-01 4.616069495677947998e-01 4.111706316471099854e-01 4.974902868270874023e-01 -8.779175579547882080e-03 2.413018047809600830e-01 2.372639924287796021e-01 4.988201707601547241e-02 1.826824098825454712e-01 8.406530320644378662e-02 -2.018681317567825317e-01 -1.167346477508544922e+00 -8.438799977302551270e-01 -1.317241489887237549e-01 3.574669659137725830e-01 -5.787102580070495605e-01 -3.168738186359405518e-01 1.521158814430236816e-01 -5.623886734247207642e-02 1.545667350292205811e-01 2.555361092090606689e-01 3.286240696907043457e-01 -3.080924451351165771e-01 1.908237636089324951e-01 5.901732016354799271e-03 1.865620613098144531e-01 6.331858038902282715e-01 1.690914295613765717e-02 -3.149817585945129395e-01 -1.893034279346466064e-01 4.009992182254791260e-01 1.095420569181442261e-01 5.765081048011779785e-01 -1.142605319619178772e-01 -1.751124709844589233e-01 2.074474394321441650e-01 -7.066266536712646484e-01 -1.020373553037643433e-01 -2.980044856667518616e-02 4.337796568870544434e-02 -4.978585243225097656e-01 3.317900896072387695e-01 3.768376708030700684e-01 -5.918776988983154297e-01 -6.661932915449142456e-02 -7.281868457794189453e-01 9.851251542568206787e-02 3.835698962211608887e-01 -4.046842455863952637e-01 2.291000261902809143e-02 3.244141936302185059e-01 -3.082619011402130127e-01 -1.643745452165603638e-01 -1.020953878760337830e-01 7.684357464313507080e-02 3.638620376586914062e-01 1.595396548509597778e-01 -5.468224287033081055e-01 -1.480441689491271973e-01 1.543205529451370239e-01 -1.184435263276100159e-01 -3.715331256389617920e-01 -1.967087835073471069e-01 1.101513653993606567e-01 -8.088513016700744629e-01 -3.418588340282440186e-01 2.697448134422302246e-01 2.799434661865234375e-01 -6.777329742908477783e-02 2.628209292888641357e-01 1.735171526670455933e-01 1.496094316244125366e-01 4.871768653392791748e-01 4.074827134609222412e-01 1.222103908658027649e-01 4.036822021007537842e-01 -1.081453710794448853e-01 -1.424792528152465820e+00 -1.482143551111221313e-01 -3.312862217426300049e-01 -2.379220426082611084e-01 8.335173875093460083e-02 1.735909283161163330e-01 1.923774033784866333e-01 -3.934130966663360596e-01 -2.440441846847534180e-01 1.473636478185653687e-01 -1.469356268644332886e-01 -3.642493188381195068e-01 -2.457068562507629395e-01 -5.085526406764984131e-02 -2.859506905078887939e-01 1.572573184967041016e-01 -4.995762184262275696e-02 -3.865262567996978760e-01 -1.746280305087566376e-02 -1.485207080841064453e-01 5.545040369033813477e-01 -2.382448315620422363e-01 4.277714490890502930e-01 -1.943688243627548218e-01 1.862593926489353180e-02 2.851396501064300537e-01 -9.910501837730407715e-01 4.294019639492034912e-01 -2.447284311056137085e-01 3.444287478923797607e-01 -1.547970026731491089e-01 4.661870300769805908e-01 -1.268190145492553711e-01 -7.827164232730865479e-02 -2.234199345111846924e-01 2.814116775989532471e-01 3.365365322679281235e-03 4.093465209007263184e-02 3.199510574340820312e-01 5.654940009117126465e-01 4.158326685428619385e-01 -2.140576243400573730e-01 -5.612285137176513672e-01 -5.773985981941223145e-01 1.800120621919631958e-01 9.112684428691864014e-02 3.015982508659362793e-01 1.047816127538681030e-01 1.677314639091491699e-01 1.302208453416824341e-01 2.573426961898803711e-01 4.128039181232452393e-01 -1.590587943792343140e-02 -4.198727011680603027e-01 -2.130333483219146729e-01 1.623177677392959595e-01 -3.916875272989273071e-02 2.144381701946258545e-01 6.189818680286407471e-02 7.329019308090209961e-01 3.862346708774566650e-01 -1.909953057765960693e-01 5.386064201593399048e-02 3.725126683712005615e-01 -2.389040589332580566e-01 -1.687513589859008789e-01 3.494154214859008789e-01 1.603279858827590942e-01 -8.834569901227951050e-02 -3.565633893013000488e-01 3.983543515205383301e-01 -4.705407470464706421e-02 -1.837643384933471680e-01 -1.050061807036399841e-01 -4.971294999122619629e-01 -8.758125454187393188e-02 2.519321441650390625e-01 -5.178748965263366699e-01 -2.304024249315261841e-02 -4.216519296169281006e-01 -1.973741203546524048e-01 1.274513602256774902e-01 -2.302581816911697388e-01 1.936633586883544922e-01 6.009549498558044434e-01 -5.315390974283218384e-02 8.003241568803787231e-02 2.314401566982269287e-01 9.905689954757690430e-02 2.100789397954940796e-01 -3.512794673442840576e-01 4.667060077190399170e-01 5.814546942710876465e-01 1.454601138830184937e-01 1.180227473378181458e-01 -1.952203065156936646e-01 -2.817988693714141846e-01 -1.080573201179504395e-01 5.007119178771972656e-01 -4.089595675468444824e-01 3.231429159641265869e-01 3.856772929430007935e-02 -5.022876858711242676e-01 3.419730961322784424e-01 3.006547987461090088e-01 -4.466158747673034668e-01 4.182951450347900391e-01 7.192992568016052246e-01 4.886262416839599609e-01 1.653753221035003662e-01 1.109125375747680664e+00 2.308090627193450928e-01 4.367240518331527710e-02 -3.440623283386230469e-01 3.627750873565673828e-01 3.060495853424072266e-01 -6.222894787788391113e-01 -5.489233732223510742e-01 1.758685708045959473e-01 -2.651377320289611816e-01 3.856617584824562073e-02 2.408241331577301025e-01 6.938762962818145752e-02 -1.575804203748703003e-01 5.273124575614929199e-01 -1.752780377864837646e-02 -1.057238817214965820e+00 -5.322245359420776367e-01 4.815579354763031006e-01 3.311657011508941650e-01 2.286470532417297363e-01 -1.453742198646068573e-02 2.760061323642730713e-01 4.031642973423004150e-01 6.167190521955490112e-02 -2.094233036041259766e-01 2.550532221794128418e-01 4.650933444499969482e-01 -3.694775402545928955e-01 1.900342479348182678e-02 4.160892218351364136e-02 6.290413737297058105e-01 -4.271296411752700806e-02 6.298637390136718750e-02 2.280791252851486206e-01 9.171159565448760986e-02 -3.354723379015922546e-02 2.303375303745269775e-01 -3.914629817008972168e-01 -5.288859009742736816e-01 8.004074692726135254e-01 -1.675891876220703125e-02 1.969587057828903198e-01 3.118505477905273438e-01 -2.488931827247142792e-02 3.600004911422729492e-01 -1.020406007766723633e+00 -5.443886518478393555e-01 2.327736616134643555e-01 6.570000052452087402e-01 -1.467792131006717682e-02 -3.790427148342132568e-01 1.120973844081163406e-03 -1.311682909727096558e-01 2.613579481840133667e-02 -6.351724267005920410e-01 6.666935980319976807e-02 3.121420741081237793e-01 -2.499725818634033203e-01 -1.427207440137863159e-01 -1.545951962471008301e-01 -5.780149102210998535e-01 2.857611775398254395e-01 2.488921135663986206e-01 2.769371271133422852e-01 3.361484110355377197e-01 5.455842614173889160e-01 -3.623805046081542969e-01 -4.694478213787078857e-01 2.985802292823791504e-01 2.209480851888656616e-01 6.227650046348571777e-01 4.558545947074890137e-01 8.068834543228149414e-01 -2.487020045518875122e-01 -2.832337915897369385e-01 -1.082672178745269775e-02 -3.211841285228729248e-01 -4.165137410163879395e-01 6.063168048858642578e-01 -1.271902397274971008e-02 -4.667401909828186035e-01 -2.603142261505126953e-01 -8.512321114540100098e-01 1.611795127391815186e-01 1.125708967447280884e-01 6.342187523841857910e-02 3.427764773368835449e-02 1.181734725832939148e-01 -4.911946356296539307e-01 1.852525621652603149e-01 -7.725931406021118164e-01 -2.335899136960506439e-02 -3.058420680463314056e-02 3.415168225765228271e-01 -7.597810626029968262e-01 -3.686046302318572998e-01 -4.299293272197246552e-03 4.646465182304382324e-01 -4.361715018749237061e-01 7.343254089355468750e-01 3.997610881924629211e-03 2.297917455434799194e-01 4.308079481124877930e-01 1.888826489448547363e-01 -5.539004802703857422e-01 1.642743796110153198e-01 1.993760466575622559e-02 1.850226968526840210e-01 2.468882799148559570e-01 -3.994335532188415527e-01 -1.873585134744644165e-01 1.839766502380371094e-01 1.217887252569198608e-01 -5.541078001260757446e-02 -2.826505005359649658e-01 3.804975375533103943e-02 1.314066648483276367e-01 9.765851497650146484e-02 1.890345364809036255e-01 9.794550389051437378e-02 -2.687124311923980713e-01 -3.423543274402618408e-01 3.338625729084014893e-01 -6.906102895736694336e-01 1.440604329109191895e-01 3.440332412719726562e-01 1.522824168205261230e-01 -3.394833505153656006e-01 -6.852290034294128418e-02 1.109268292784690857e-01 2.106165438890457153e-01 1.335832178592681885e-01 6.160929799079895020e-02 -3.557830452919006348e-01 -3.520117700099945068e-01 5.247241258621215820e-01 -5.528613924980163574e-01 2.330598607659339905e-02 4.721538349986076355e-02 -2.910592779517173767e-02 -6.735458970069885254e-02 2.842748165130615234e-01 4.083298146724700928e-01 3.397004902362823486e-01 2.001466788351535797e-02 3.577401638031005859e-01 3.038486838340759277e-01 2.633417844772338867e-01 3.509218096733093262e-01 5.507391691207885742e-01 3.112998902797698975e-01 2.338772416114807129e-01 -3.697177767753601074e-02 2.951787412166595459e-01 -3.782851248979568481e-02 -1.879002600908279419e-01 -3.989706039428710938e-01 -1.824868470430374146e-01 3.245748281478881836e-01 -4.553645104169845581e-02 -1.705272682011127472e-02 -9.524684399366378784e-03 6.972077488899230957e-01 -3.268440663814544678e-01 2.811030447483062744e-01 1.076880097389221191e-01 3.721292316913604736e-01 -5.440072417259216309e-01 7.127242162823677063e-03 -1.938828527927398682e-01 -5.329207777976989746e-01 -1.890647262334823608e-01 1.004007384181022644e-01 3.372701108455657959e-01 -5.428239703178405762e-02 -1.554878354072570801e-01 -1.942472159862518311e-01 -1.525042504072189331e-01 -1.308512926101684570e+00 1.689778417348861694e-01 -6.857558488845825195e-01 6.013073921203613281e-01 6.345484852790832520e-01 3.037790656089782715e-01 3.347006440162658691e-01 -1.213401034474372864e-01 -6.851632893085479736e-02 -3.843187987804412842e-01 -1.940132677555084229e-01 5.096014738082885742e-01 3.755364567041397095e-02 5.021122097969055176e-02 -4.936610460281372070e-01 -2.524907290935516357e-01 2.374801933765411377e-01 4.348376393318176270e-01 2.186322063207626343e-01 -8.928815722465515137e-01 1.544979661703109741e-01 5.309683457016944885e-02 2.653639614582061768e-01 -4.749488830566406250e-01 6.270429491996765137e-01 -5.622648075222969055e-02 -1.753063872456550598e-02 5.225163102149963379e-01 5.589351058006286621e-01 6.698081269860267639e-03 -1.039468646049499512e-01 8.723220825195312500e-01 -5.570375919342041016e-01 -2.953939139842987061e-01 7.017979621887207031e-01 9.181532263755798340e-02 -3.155532181262969971e-01 3.397777378559112549e-01 4.106215834617614746e-01 -9.261897206306457520e-02 4.052765667438507080e-02 -7.519005984067916870e-02 9.285488724708557129e-02 1.528690755367279053e-01 -1.627620160579681396e-01 -5.050155520439147949e-01 1.291614025831222534e-01 2.467356324195861816e-01 -3.175570666790008545e-01 3.394066542387008667e-02 3.514738082885742188e-01 3.528118431568145752e-01 5.310061946511268616e-02 2.122704684734344482e-02 2.286394312977790833e-02 -7.049471735954284668e-01 9.068281203508377075e-02 2.047057896852493286e-01 -2.647282779216766357e-01 3.668852150440216064e-05 1.229040995240211487e-01 1.130116358399391174e-01 1.117132008075714111e-01 3.941435515880584717e-01 -7.929104566574096680e-01 8.052126765251159668e-01 6.208545342087745667e-02 4.789221286773681641e-01 5.021144747734069824e-01 3.959831595420837402e-01 -7.142071127891540527e-01 -3.808681368827819824e-01 2.468551248311996460e-01 7.414780259132385254e-01 -8.042911440134048462e-02 4.885901212692260742e-01 -1.460494101047515869e-01 2.735116332769393921e-02 -1.885439455509185791e-01 2.515753805637359619e-01 -1.683172136545181274e-01 -1.790847629308700562e-01 6.865822076797485352e-01 -1.767880916595458984e-01 7.575765997171401978e-02 3.435881435871124268e-01 5.113323330879211426e-01 1.780444383621215820e-01 1.435133162885904312e-02 3.059886097908020020e-01 -1.994443833827972412e-01 -5.445855855941772461e-02 -6.318224668502807617e-01 -1.035141870379447937e-01 -4.400197565555572510e-01 1.982508599758148193e-01 -3.290018811821937561e-02 -4.297599792480468750e-01 6.755536049604415894e-02 -6.546303629875183105e-01 2.088073641061782837e-01 3.454775363206863403e-02 1.997907310724258423e-01 -2.216711044311523438e-01 1.692361235618591309e-01 1.539365649223327637e-01 -3.615817427635192871e-01 3.470439612865447998e-01 -2.130407094955444336e-01 -4.233889579772949219e-01 -3.600360155105590820e-01 4.619963169097900391e-01 1.042905375361442566e-01 1.788036972284317017e-01 2.256541252136230469e-01 1.863125115633010864e-01 -7.366650700569152832e-01 -2.464585900306701660e-01 4.596894383430480957e-01 -1.163936555385589600e-01 -4.776811897754669189e-01 3.188581019639968872e-02 -9.402056038379669189e-02 1.428575217723846436e-01 1.610938012599945068e-01 4.631244242191314697e-01 5.382707118988037109e-01 4.144850671291351318e-01 1.853587627410888672e-01 4.057272076606750488e-01 4.331580996513366699e-01 2.316634058952331543e-01 3.419606089591979980e-01 9.124813228845596313e-02 -3.395779803395271301e-02 -1.643903106451034546e-01 -7.010732591152191162e-02 -9.306552819907665253e-03 -1.151511818170547485e-01 1.836025118827819824e-01 -1.652447581291198730e-01 -1.883795857429504395e-01 2.124864459037780762e-01 1.820817142724990845e-01 -9.708339348435401917e-04 -5.177236795425415039e-01 4.398566782474517822e-01 7.196227908134460449e-01 3.342864215373992920e-01 2.076785415410995483e-01 2.691047824919223785e-02 3.693841695785522461e-01 1.603347659111022949e-01 1.949768662452697754e-01 -2.459727674722671509e-01 2.492741793394088745e-01 1.224009171128273010e-01 3.360835015773773193e-01 5.228753089904785156e-01 2.368226498365402222e-01 4.269374608993530273e-01 -2.497496753931045532e-01 -4.311384558677673340e-01 2.634911239147186279e-01 2.779710888862609863e-01 3.755249679088592529e-01 6.787030398845672607e-02 3.607019782066345215e-01 -2.796309292316436768e-01 6.380710750818252563e-02 -1.245052695274353027e+00 -1.062530353665351868e-01 2.166041135787963867e-01 -9.111669659614562988e-01 4.408262968063354492e-01 1.783427298069000244e-01 3.331827521324157715e-01 1.604259312152862549e-01 3.783090971410274506e-03 2.488774061203002930e-01 -5.600238963961601257e-02 -2.779035568237304688e-01 4.786228016018867493e-02 3.143590092658996582e-01 1.604431718587875366e-01 1.689976602792739868e-01 1.527406573295593262e-01 -2.389727532863616943e-01 -1.540646404027938843e-01 1.424887776374816895e-01 -3.897364437580108643e-01 1.955071464180946350e-02 8.217178285121917725e-02 -2.902813255786895752e-01 1.572734862565994263e-01 2.755645290017127991e-02 1.021779254078865051e-01 -3.381522297859191895e-01 4.187004566192626953e-01 -7.122427225112915039e-03 -7.204618453979492188e-01 1.294287890195846558e-01 -6.267158985137939453e-01 -5.828688144683837891e-01 -2.127777552232146263e-03 -1.046134456992149353e-01 2.500286325812339783e-02 -4.076574146747589111e-01 2.499556988477706909e-01 4.613904654979705811e-02 1.336801201105117798e-01 1.325172483921051025e-01 -2.926478981971740723e-01 2.612110674381256104e-01 1.648363769054412842e-01 -6.286703050136566162e-02 3.975785970687866211e-01 -2.540212273597717285e-01 -5.007880330085754395e-01 -9.569817781448364258e-02 -9.127732366323471069e-03 3.787162899971008301e-01 2.958728373050689697e-01 2.734884619712829590e-01 1.642162948846817017e-01 -5.459728240966796875e-01 5.350619554519653320e-01 7.976164817810058594e-01 2.821560502052307129e-01 4.097686111927032471e-01 4.336868226528167725e-01 -2.315622568130493164e-01 -1.075962409377098083e-01 1.306369155645370483e-01 -4.403619468212127686e-01 1.295580118894577026e-01 3.795818686485290527e-01 1.073353141546249390e-01 1.768067181110382080e-01 2.997832000255584717e-01 5.624657273292541504e-01 -9.027035534381866455e-02 2.043788731098175049e-01 3.293037712574005127e-01 2.094461321830749512e-01 -3.918382152915000916e-02 3.075596392154693604e-01 5.323445051908493042e-02 -5.428949594497680664e-01 -3.359603229910135269e-03 1.261507570743560791e-01 -5.531611442565917969e-01 -2.913825511932373047e-01 -6.963854283094406128e-02 -3.305383622646331787e-01 -4.284785985946655273e-01 4.205129444599151611e-01 -4.300917387008666992e-01 -1.140298843383789062e-01 2.547696232795715332e-01 1.118539422750473022e-01 2.617568969726562500e-01 1.546390950679779053e-01 -2.766839265823364258e-01 -7.068016529083251953e-01 3.811719119548797607e-01 5.566479563713073730e-01 -1.727338433265686035e+00 5.609868094325065613e-03 -1.109302267432212830e-01 -7.613748311996459961e-02 -1.960606724023818970e-01 3.220596611499786377e-01 -4.855443537235260010e-01 8.251799345016479492e-01 9.970428422093391418e-03 6.699320077896118164e-01 -1.073593720793724060e-01 3.923314213752746582e-01 1.733141243457794189e-01 -5.891059637069702148e-01 -4.915079176425933838e-01 1.812736392021179199e-01 2.819071710109710693e-01 1.675377637147903442e-01 -1.372901536524295807e-02 -5.390074849128723145e-01 5.718881487846374512e-01 -1.836142987012863159e-01 2.120764553546905518e-01 -1.259427666664123535e-01 -3.804646804928779602e-02 -1.428973078727722168e-01 3.463753759860992432e-01 -1.372981816530227661e-01 6.935370713472366333e-02 -1.260118007659912109e+00 5.309275984764099121e-01 5.510623455047607422e-01 5.761595442891120911e-02 4.884461760520935059e-01 3.439261913299560547e-01 2.144440114498138428e-01 -6.326916813850402832e-01 3.328494131565093994e-01 -1.248419582843780518e-01 -3.546469658613204956e-02 -7.237637042999267578e-01 3.085444867610931396e-01 1.436665505170822144e-01 -2.093952149152755737e-03 4.119522273540496826e-01 4.410806000232696533e-01 5.616608262062072754e-01 3.508403897285461426e-01 1.789555549621582031e-01 9.984342381358146667e-03 1.932355016469955444e-01 3.307521939277648926e-01 5.191650986671447754e-02 2.990365326404571533e-01 2.094990015029907227e-01 4.443873465061187744e-01 -1.758444905281066895e-01 -6.950898766517639160e-01 1.267800480127334595e-01 1.935870945453643799e-01 5.459309816360473633e-01 -2.374683469533920288e-01 -3.336153030395507812e-01 -6.112590432167053223e-01 6.761223077774047852e-02 -9.819378703832626343e-02 -1.916061714291572571e-02 2.497464567422866821e-01 2.981101870536804199e-01 2.203724086284637451e-01 -5.093060433864593506e-03 4.091427028179168701e-01 1.386408656835556030e-01 6.402326226234436035e-01 -1.198504090309143066e+00 1.758172661066055298e-01 5.026715397834777832e-01 -2.559285461902618408e-01 -2.266291826963424683e-01 2.991493344306945801e-01 2.349417656660079956e-01 2.562182843685150146e-01 3.924787417054176331e-02 -3.078343570232391357e-01 3.155367076396942139e-01 -2.615299262106418610e-02 -6.359502673149108887e-02 -1.528177261352539062e+00 5.351206064224243164e-01 -6.291076540946960449e-02 -1.783342063426971436e-01 -5.416722036898136139e-03 2.173470258712768555e-01 1.968768835067749023e-01 1.461120555177330971e-03 -1.138313412666320801e-01 6.429937481880187988e-01 3.472853004932403564e-01 -7.179506421089172363e-01 3.025190234184265137e-01 1.271683573722839355e-01 -4.770967662334442139e-01 -1.137521304190158844e-02 9.771287441253662109e-04 -5.443537235260009766e-01 -8.306873589754104614e-02 2.598575055599212646e-01 1.352086514234542847e-01 2.528684437274932861e-01 5.135418176651000977e-01 2.068299949169158936e-01 7.838832587003707886e-02 -1.678688228130340576e-01 4.949041306972503662e-01 -4.765070080757141113e-01 4.359883666038513184e-01 3.675913214683532715e-01 -1.632479071617126465e+00 -7.175313681364059448e-02 2.570260167121887207e-01 -3.144262135028839111e-01 -2.204113826155662537e-02 -2.260702252388000488e-01 -1.527408808469772339e-01 -4.034942388534545898e-02 1.811663806438446045e-01 3.325104415416717529e-01 -3.263769149780273438e-01 -4.904923215508460999e-02 -6.567652821540832520e-01 4.113759398460388184e-01 -1.098256781697273254e-01 -1.470266431570053101e-01 5.226200222969055176e-01 -4.460652917623519897e-02 -7.418693602085113525e-02 2.383622527122497559e-01 3.280963003635406494e-01 -7.468967437744140625e-01 1.403719335794448853e-01 3.003058135509490967e-01 5.054091215133666992e-01 -2.228343784809112549e-01 2.248732447624206543e-01 4.720974266529083252e-01 -1.266509592533111572e-01 4.044940173625946045e-01 2.415738105773925781e-01 -3.194684982299804688e-01 -2.729029655456542969e-01 -1.078836694359779358e-01 -1.281423866748809814e-01 6.394451260566711426e-01 1.285427808761596680e-01 2.090913355350494385e-01 -1.890234053134918213e-01 1.804756671190261841e-01 -3.852803707122802734e-01 2.379642128944396973e-01 2.857289314270019531e-01 5.706789344549179077e-02 -1.962818354368209839e-01 3.909743204712867737e-02 5.384320616722106934e-01 6.763052344322204590e-01 -6.166405677795410156e-01 1.727728247642517090e-01 -6.408644914627075195e-01 4.734311699867248535e-01 1.731438785791397095e-01 1.650295555591583252e-01 4.747908711433410645e-01 3.470232486724853516e-01 9.901300072669982910e-04 -2.455750405788421631e-01 1.849859505891799927e-01 -2.208595275878906250e-01 -1.540282070636749268e-01 -9.690116345882415771e-02 1.752952188253402710e-01 -5.844461321830749512e-01 2.462621927261352539e-01 2.688777744770050049e-01 4.551192522048950195e-01 3.505748212337493896e-01 2.523572444915771484e-01 1.659476011991500854e-01 3.843849003314971924e-01 -5.015408396720886230e-01 3.578259050846099854e-02 3.304037153720855713e-01 1.489952206611633301e-01 -8.817653059959411621e-01 -7.054486274719238281e-01 -2.063083350658416748e-01 3.569686412811279297e-01 4.551429152488708496e-01 -2.846048474311828613e-01 1.240979284048080444e-01 7.660742104053497314e-02 2.574859261512756348e-01 -2.688623964786529541e-01 1.625196784734725952e-01 -2.747414410114288330e-01 -4.791432321071624756e-01 4.128438830375671387e-01 -6.639428436756134033e-02 -2.850412130355834961e-01 6.022732332348823547e-02 2.357070147991180420e-02 1.011615693569183350e-01 -1.385051906108856201e-01 2.933055758476257324e-01 2.820681333541870117e-01 -3.451697230339050293e-01 -2.204142957925796509e-01 2.012926489114761353e-01 -3.898037075996398926e-01 -5.270768404006958008e-01 1.795729398727416992e-01 3.708585500717163086e-01 -4.984403252601623535e-01 4.124261438846588135e-02 -2.472554743289947510e-01 6.192233562469482422e-01 -2.589547038078308105e-01 2.781184315681457520e-01 3.729239404201507568e-01 -7.187570929527282715e-01 -4.118759557604789734e-02 -2.174684852361679077e-01 1.023451089859008789e-01 4.319579601287841797e-01 1.268437057733535767e-01 -1.388289034366607666e-01 -7.494973540306091309e-01 3.506656885147094727e-01 -2.868848443031311035e-01 3.674746155738830566e-01 -1.562491208314895630e-01 7.272011041641235352e-01 -2.851347327232360840e-01 -1.246158480644226074e-01 -5.271067842841148376e-02 -8.269191384315490723e-01 4.843019880354404449e-03 -2.617837190628051758e-01 -5.024695768952369690e-03 -4.940544664859771729e-01 1.004517227411270142e-01 -3.400758504867553711e-01 -6.081492900848388672e-01 -3.419004380702972412e-01 -1.696690917015075684e-01 6.698032021522521973e-01 2.959073185920715332e-01 1.481926143169403076e-01 3.982376679778099060e-02 -5.979740619659423828e-01 1.312570720911026001e-01 -3.635339438915252686e-01 -2.101066410541534424e-01 1.897702962160110474e-01 2.163964062929153442e-01 3.415269777178764343e-02 -6.203365325927734375e-02 -8.370534181594848633e-01 -4.051332771778106689e-01 -2.880110740661621094e-01 -4.309228435158729553e-02 1.300614029169082642e-01 2.895358204841613770e-01 3.317174315452575684e-01 4.790243506431579590e-01 -1.209429979324340820e+00 -1.699321866035461426e-01 -2.704502642154693604e-01 5.687743797898292542e-02 5.125430822372436523e-01 -2.014038413763046265e-01 -4.419584572315216064e-01 1.345250904560089111e-01 -1.601952761411666870e-01 5.894308537244796753e-02 3.398187756538391113e-01 5.758181810379028320e-01 -2.484203726053237915e-01 -6.202285289764404297e-01 1.657374501228332520e-01 -4.766059517860412598e-01 -3.635569810867309570e-01 4.967361390590667725e-01 -7.158271074295043945e-01 -1.029161453247070312e+00 -2.329463958740234375e-01 -6.445426344871520996e-01 -1.396971195936203003e-01 1.003656089305877686e-01 -2.024593651294708252e-01 2.536424994468688965e-01 -5.553520917892456055e-01 -1.509126722812652588e-01 -6.980568170547485352e-03 3.743441998958587646e-01 2.231859862804412842e-01 1.575551033020019531e-01 -9.949155896902084351e-02 -3.472430109977722168e-01 1.479317247867584229e-01 3.403746783733367920e-01 4.498596191406250000e-01 2.397188246250152588e-01 4.007343351840972900e-01 4.787429571151733398e-01 -1.299556374549865723e+00 2.817502319812774658e-01 -3.613270521163940430e-01 6.237496137619018555e-01 -5.785787105560302734e-01 -3.200492635369300842e-02 -1.098856404423713684e-01 1.930183917284011841e-01 -2.029430866241455078e-01 -2.428440749645233154e-01 -1.557561606168746948e-01 -9.785898029804229736e-02 -1.960864663124084473e-01 -3.759126737713813782e-02 5.076800584793090820e-01 1.417088806629180908e-01 6.788906455039978027e-02 1.455173455178737640e-02 -4.630459249019622803e-01 2.392574250698089600e-01 -1.032832637429237366e-01 -4.874482378363609314e-02 7.015924155712127686e-02 -2.428167313337326050e-02 -4.033765196800231934e-02 6.256616115570068359e-01 8.518026769161224365e-02 1.259368956089019775e-01 -6.919202208518981934e-02 -3.545725047588348389e-01 -1.089461803436279297e+00 3.557164967060089111e-01 2.998748421669006348e-01 2.269312143325805664e-01 -7.670767903327941895e-01 -3.164252042770385742e-01 8.149446249008178711e-01 -5.564631894230842590e-02 7.587278634309768677e-02 -3.150728940963745117e-01 -1.427514851093292236e-01 9.640693664550781250e-03 -5.018013715744018555e-01 -1.267852485179901123e-01 -2.869372963905334473e-01 4.310675561428070068e-01 2.860286738723516464e-03 9.192667901515960693e-02 1.373897641897201538e-01 7.097254395484924316e-01 -4.761507511138916016e-01 5.809170603752136230e-01 -2.682951092720031738e-01 -3.902038633823394775e-01 3.726446032524108887e-01 -1.315618008375167847e-01 -5.010465383529663086e-01 -6.983687728643417358e-02 1.978312730789184570e-01 -7.767484784126281738e-01 3.761671110987663269e-02 -1.555946096777915955e-02 -1.532444804906845093e-01 2.157797813415527344e-01 -6.665356159210205078e-01 -2.331278771162033081e-01 -5.395272374153137207e-01 1.270859241485595703e-01 5.306379199028015137e-01 -1.643102616071701050e-02 1.467661261558532715e-01 -1.606720238924026489e-01 -2.250206470489501953e-01 -6.121190264821052551e-02 -1.662043854594230652e-02 3.218845427036285400e-01 -9.879411756992340088e-02 -1.148370876908302307e-01 -5.239899754524230957e-01 -6.799306273460388184e-01 2.696428596973419189e-01 -1.598138809204101562e-01 -9.820239245891571045e-02 3.442414700984954834e-01 5.207643508911132812e-01 -5.021314620971679688e-01 -2.424125075340270996e-01 1.677781939506530762e-01 4.967025220394134521e-01 3.320831954479217529e-01 2.372481375932693481e-01 1.438845247030258179e-01 1.633661836385726929e-01 5.162451267242431641e-01 -1.972009986639022827e-02 -3.805765509605407715e-02 4.214380085468292236e-01 2.298583686351776123e-01 3.070040792226791382e-02 -1.792574524879455566e-01 -2.612135708332061768e-01 4.334628582000732422e-01 -3.727127909660339355e-01 -5.951939821243286133e-01 7.212508916854858398e-01 -2.773162126541137695e-01 -2.392838001251220703e-01 2.964962422847747803e-01 -6.086856126785278320e-01 -3.319432437419891357e-01 1.760157793760299683e-01 4.708058536052703857e-01 2.822942137718200684e-01 1.425895094871520996e-01 1.316748559474945068e-01 4.092085957527160645e-01 -5.453030467033386230e-01 5.933342874050140381e-02 4.327337145805358887e-01 1.619253456592559814e-01 -1.375855356454849243e-01 -9.327313899993896484e-01 7.577399015426635742e-01 3.389302492141723633e-01 -1.690517365932464600e-01 7.050138711929321289e-01 8.966458588838577271e-02 3.470835834741592407e-02 2.975007295608520508e-01 1.361797656863927841e-02 -2.776368558406829834e-01 1.753160059452056885e-01 5.036368593573570251e-02 2.540441155433654785e-01 -1.438715402036905289e-02 4.658836871385574341e-03 -1.140011921525001526e-01 4.227398931980133057e-01 -2.046674937009811401e-01 -3.773429095745086670e-01 -4.999573230743408203e-01 -7.726409286260604858e-02 7.727569341659545898e-02 -1.326950266957283020e-02 -1.113415956497192383e-01 2.156023532152175903e-01 -3.004799485206604004e-01 1.130842044949531555e-01 -4.039691388607025146e-02 -6.893908977508544922e-01 1.693710684776306152e-03 -1.227127611637115479e-01 4.104329645633697510e-01 -1.708351969718933105e-01 1.760192066431045532e-01 2.387044727802276611e-01 -1.382214128971099854e-01 6.089083552360534668e-01 -2.416619658470153809e-01 1.496746689081192017e-01 -2.810685932636260986e-01 -1.381187736988067627e-01 -1.963581442832946777e-01 -2.348733544349670410e-01 -2.475366741418838501e-02 5.401154160499572754e-01 5.245442986488342285e-01 -1.804886311292648315e-01 1.777710467576980591e-01 -7.299148291349411011e-02 3.016386367380619049e-02 -2.600389719009399414e-01 9.629748761653900146e-02 5.953858420252799988e-02 -2.943332493305206299e-01 3.050594627857208252e-01 1.510794460773468018e-01 -2.752350270748138428e-01 -5.711324810981750488e-01 9.756465256214141846e-02 2.004496306180953979e-01 3.341058194637298584e-01 -1.430525034666061401e-01 -1.261951476335525513e-01 7.082780599594116211e-01 1.207958981394767761e-01 -2.747146189212799072e-01 -4.594435393810272217e-01 -1.859424114227294922e-01 1.621296107769012451e-01 2.338947504758834839e-01 1.095137745141983032e-01 -2.791562378406524658e-01 -5.238510966300964355e-01 -3.772916793823242188e-01 5.866613984107971191e-01 -2.472656369209289551e-01 5.439591407775878906e-02 -2.865560725331306458e-02 3.630762994289398193e-01 2.434144467115402222e-01 2.095428407192230225e-01 -2.999861836433410645e-01 -3.050201833248138428e-01 6.533793359994888306e-02 -2.971215248107910156e-01 4.140446484088897705e-01 -1.340844631195068359e-01 -4.947134256362915039e-01 -3.525256514549255371e-01 -3.590804338455200195e-02 -4.360265731811523438e-01 -8.960482478141784668e-01 2.482668757438659668e-01 -4.468753337860107422e-01 5.091183781623840332e-01 -8.212030529975891113e-01 4.846598505973815918e-01 -1.023561879992485046e-01 -5.612770915031433105e-01 7.924295961856842041e-02 -4.440488666296005249e-02 -4.597510099411010742e-01 6.298398971557617188e-02 4.987797141075134277e-01 -7.242713868618011475e-02 -5.523569136857986450e-02 4.335255622863769531e-01 -1.518216431140899658e-01 -3.871590793132781982e-01 1.254059672355651855e-01 -3.735559880733489990e-01 9.506896138191223145e-02 1.044019460678100586e-01 2.945873439311981201e-01 3.990556299686431885e-01 2.820907831192016602e-01 2.548433542251586914e-01 2.466206550598144531e-01 3.253418505191802979e-01 6.879221647977828979e-02 -1.966786682605743408e-01 -4.552827477455139160e-01 7.787780165672302246e-01 -3.097828924655914307e-01 -1.395205259323120117e+00 2.778118252754211426e-01 -5.546824336051940918e-01 -3.277094662189483643e-02 -2.960994467139244080e-02 -4.994305372238159180e-01 -2.011203169822692871e-01 -7.219505310058593750e-02 -7.253170758485794067e-02 1.617813855409622192e-02 2.060223072767257690e-01 -4.312976449728012085e-02 2.427043467760086060e-01 -1.624378561973571777e-01 4.439813792705535889e-01 -1.029058456420898438e+00 4.792989492416381836e-01 -9.324681013822555542e-02 -1.793552190065383911e-01 -1.897210180759429932e-01 3.849848359823226929e-02 -3.445260524749755859e-01 -1.819550096988677979e-01 2.672445401549339294e-02 1.263573914766311646e-01 -2.576910853385925293e-01 4.418555647134780884e-02 4.444178938865661621e-01 1.433995068073272705e-01 -2.525975555181503296e-02 5.257250070571899414e-01 1.335696727037429810e-01 1.272763013839721680e-01 2.623188197612762451e-01 -4.410154521465301514e-01 2.414638996124267578e-01 -3.530664145946502686e-01 1.885955184698104858e-01 6.420522928237915039e-02 1.924709826707839966e-01 5.555968284606933594e-01 7.162775844335556030e-02 9.496285915374755859e-01 4.700751602649688721e-01 1.348756551742553711e-01 -2.967801690101623535e-02 -5.354591608047485352e-01 -1.556656882166862488e-02 5.099404454231262207e-01 9.840410202741622925e-04 5.895403623580932617e-01 -4.353656768798828125e-01 1.338053792715072632e-01 -2.036878466606140137e-01 -4.629314243793487549e-01 -1.136573433876037598e+00 4.307624101638793945e-01 9.290762245655059814e-03 3.325957059860229492e-01 3.395340442657470703e-01 4.754281640052795410e-01 -6.617606431245803833e-02 2.492481023073196411e-01 3.544996678829193115e-01 -4.777711629867553711e-01 -3.385560959577560425e-02 1.565030217170715332e-01 -3.640125989913940430e-01 -5.079054832458496094e-01 5.160491466522216797e-01 -4.206777215003967285e-01 4.934580028057098389e-01 2.560682967305183411e-02 -4.989864230155944824e-01 1.919210106134414673e-01 1.577931493520736694e-01 -6.126650571823120117e-01 -2.474847435951232910e-01 -1.993579044938087463e-02 2.327456474304199219e-01 -5.190701484680175781e-01 7.465012371540069580e-02 2.202976346015930176e-01 4.078616201877593994e-01 1.653960049152374268e-01 3.117303848266601562e-01 -2.313328720629215240e-02 -4.446349740028381348e-01 -2.509906589984893799e-01 -1.464961282908916473e-02 1.968615651130676270e-01 2.402375042438507080e-01 1.259527504444122314e-01 -1.626746356487274170e-01 -1.288089513778686523e+00 1.491102278232574463e-01 9.473302960395812988e-01 7.117906808853149414e-01 -5.054355859756469727e-01 5.912851095199584961e-01 -1.988250762224197388e-01 -4.014264941215515137e-01 -2.320686914026737213e-02 1.547703742980957031e-01 -2.651991546154022217e-01 -6.769089028239250183e-03 4.611647725105285645e-01 1.007289290428161621e-01 -8.916572332382202148e-01 5.101495385169982910e-01 -3.575721383094787598e-02 2.127968221902847290e-01 6.129965782165527344e-01 3.269753977656364441e-02 -2.277170717716217041e-01 4.287158250808715820e-01 -1.248436421155929565e-01 -1.260018825531005859e+00 3.777649104595184326e-01 5.839713215827941895e-01 -1.659885346889495850e-01 -1.150444000959396362e-01 3.246201574802398682e-01 2.911831438541412354e-01 1.930193789303302765e-02 -1.016418263316154480e-01 3.486581742763519287e-01 2.578303217887878418e-01 -2.726323604583740234e-01 1.056547239422798157e-01 -1.337723433971405029e-01 1.483224183320999146e-01 2.175232917070388794e-01 -1.695892810821533203e-01 9.378053247928619385e-02 9.141635894775390625e-02 -1.753048039972782135e-02 -8.703212738037109375e-01 1.923273652791976929e-01 -4.442318379878997803e-01 9.744229167699813843e-02 3.362840712070465088e-01 -1.144506096839904785e+00 2.147681266069412231e-01 1.738369315862655640e-01 1.593474000692367554e-01 -4.044696092605590820e-01 -4.903824329376220703e-01 -6.024821102619171143e-02 -2.359694615006446838e-02 1.212427541613578796e-01 -6.600905954837799072e-02 2.517823129892349243e-02 -4.638918638229370117e-01 -1.429935693740844727e-01 -1.742312610149383545e-01 3.150293827056884766e-01 8.562247455120086670e-02 5.905376747250556946e-02 4.191478490829467773e-01 -9.892272204160690308e-02 -8.204970955848693848e-01 -2.798370718955993652e-01 -6.666753292083740234e-01 3.315687775611877441e-01 3.503948077559471130e-02 1.995240151882171631e-01 -7.219519466161727905e-05 6.049503386020660400e-02 4.155951142311096191e-01 -3.069271445274353027e-01 1.592199504375457764e-01 -4.900994002819061279e-01 -2.923291921615600586e-01 9.234442561864852905e-02 4.277147650718688965e-01 8.522432297468185425e-02 -6.890730261802673340e-01 2.998473942279815674e-01 -3.742344677448272705e-01 -8.537493646144866943e-02 1.135896444320678711e-01 -7.304031401872634888e-03 6.144703552126884460e-02 -1.523760054260492325e-02 -4.077970981597900391e-01 -7.057020068168640137e-01 2.160258740186691284e-01 2.652559578418731689e-01 2.549497187137603760e-01 -6.028904393315315247e-02 1.957499086856842041e-01 4.332903325557708740e-01 3.697724938392639160e-01 3.580991029739379883e-01 -2.075348794460296631e-01 -4.324229806661605835e-02 -1.127260737121105194e-03 2.163471728563308716e-01 -3.460609316825866699e-01 5.228193402290344238e-01 -3.149577975273132324e-01 5.229122936725616455e-03 3.864329159259796143e-01 2.504703700542449951e-01 -1.091099455952644348e-01 -1.925922185182571411e-01 7.153927087783813477e-01 -3.376568257808685303e-01 1.938166320323944092e-01 -4.217019081115722656e-01 8.433090895414352417e-02 -6.912961006164550781e-01 4.527465701103210449e-01 1.976151764392852783e-01 -5.778780579566955566e-01 3.507368266582489014e-01 9.717121124267578125e-01 1.031524389982223511e-01 3.288758993148803711e-01 -1.205141693353652954e-01 5.515215396881103516e-01 -2.265516668558120728e-01 1.993360817432403564e-01 7.477806210517883301e-01 8.537384271621704102e-01 2.785632014274597168e-01 -1.427809447050094604e-01 3.253203034400939941e-01 -1.953371763229370117e-01 -3.865684568881988525e-01 2.237561717629432678e-02 3.089843690395355225e-01 1.145179569721221924e-01 1.454909890890121460e-01 8.975473791360855103e-02 1.980936974287033081e-01 2.540758997201919556e-02 9.414570778608322144e-02 4.380772709846496582e-01 5.210523605346679688e-01 -1.239375352859497070e+00 -9.481845498085021973e-01 -1.216335967183113098e-01 2.285781204700469971e-01 2.981718182563781738e-01 2.596372067928314209e-01 5.035945773124694824e-01 1.024102121591567993e-01 1.344376057386398315e-01 1.801345199346542358e-01 -7.855601906776428223e-01 4.411473870277404785e-02 4.852874875068664551e-01 -2.555083334445953369e-01 1.891726851463317871e-01 1.077192872762680054e-01 -8.248659968376159668e-02 6.442793607711791992e-01 2.117482125759124756e-01 7.959217578172683716e-02 -3.662579953670501709e-01 2.491607964038848877e-01 3.625187873840332031e-01 1.851909458637237549e-01 -3.749619424343109131e-02 6.519403457641601562e-01 4.407503008842468262e-01 1.985303759574890137e-01 -3.916071355342864990e-02 -2.480508983135223389e-01 -1.187653243541717529e-01 -5.814395546913146973e-01 -4.120308160781860352e-01 9.611818194389343262e-02 1.633937237784266472e-03 -1.172610744833946228e-01 3.122003078460693359e-01 -1.106361001729965210e-01 7.780948281288146973e-02 -3.184486627578735352e-01 1.239620670676231384e-01 2.727333605289459229e-01 4.926693812012672424e-02 -3.764749765396118164e-01 9.654942899942398071e-02 3.252288401126861572e-01 4.476309418678283691e-01 7.154172658920288086e-02 2.647592313587665558e-02 -3.153296709060668945e-01 1.390227526426315308e-01 6.439932622015476227e-04 -1.268206834793090820e-01 -1.670565158128738403e-01 -7.259089946746826172e-01 1.362724006175994873e-01 9.843717515468597412e-02 1.081738173961639404e-01 1.915311962366104126e-01 -3.550491109490394592e-02 -1.004441678524017334e-01 -1.396378874778747559e-01 2.102510929107666016e-01 -4.286741912364959717e-01 9.511738270521163940e-02 -1.078207120299339294e-01 -6.476672887802124023e-01 1.894246488809585571e-01 -4.566927440464496613e-03 4.616785794496536255e-02 -4.783281311392784119e-02 -1.471316814422607422e-01 3.115156590938568115e-01 1.897975802421569824e-03 -5.540738254785537720e-02 8.679149150848388672e-01 -5.428922176361083984e-01 4.685749113559722900e-01 -6.565375328063964844e-01 -1.955043710768222809e-02 2.747937142848968506e-01 -2.191859483718872070e-01 2.063209116458892822e-01 2.252260893583297729e-01 -5.645576715469360352e-01 5.857335925102233887e-01 7.535595446825027466e-02 4.366376996040344238e-01 1.365643739700317383e-02 2.735235691070556641e-01 4.844961762428283691e-01 3.921420276165008545e-01 -4.478166103363037109e-01 -7.082915306091308594e-01 1.265904158353805542e-01 -4.742050170898437500e-01 3.797017335891723633e-01 -2.899613082408905029e-01 2.769317328929901123e-01 4.468441903591156006e-01 -1.726023554801940918e-01 7.744007557630538940e-02 4.010881483554840088e-01 4.104135334491729736e-01 1.933417096734046936e-02 -5.847329497337341309e-01 3.462062478065490723e-01 -1.934911310672760010e-01 1.015044450759887695e-01 -3.956336677074432373e-01 3.027488887310028076e-01 -4.029181897640228271e-01 -5.557699501514434814e-02 -7.129526138305664062e-01 2.003444135189056396e-01 -1.297017186880111694e-01 1.844651401042938232e-01 -3.388052880764007568e-01 -2.106927335262298584e-03 -1.470184978097677231e-02 3.558798432350158691e-01 -4.057129323482513428e-01 6.299259066581726074e-01 7.629383355379104614e-02 -2.672272622585296631e-01 6.215577125549316406e-01 3.644256293773651123e-01 -2.657826542854309082e-01 -4.571972787380218506e-01 1.704269349575042725e-01 1.387737542390823364e-01 4.389207959175109863e-01 -6.277022957801818848e-01 2.792111635208129883e-01 5.290143489837646484e-01 -3.959147334098815918e-01 -2.591794729232788086e-01 -2.901993393898010254e-01 1.715095639228820801e-01 6.396483182907104492e-01 2.779590189456939697e-01 4.810633361339569092e-01 9.939910843968391418e-03 5.298555493354797363e-01 -8.823923468589782715e-01 1.536994725465774536e-01 -1.063781790435314178e-02 2.106749415397644043e-01 -1.158730909228324890e-01 1.123735532164573669e-01 5.733816698193550110e-02 6.019943356513977051e-01 5.533218979835510254e-01 6.801337748765945435e-02 -1.108979433774948120e-01 2.175057828426361084e-01 -8.052925020456314087e-02 4.924307465553283691e-01 2.917499542236328125e-01 8.270717412233352661e-02 8.902530372142791748e-02 -4.856937229633331299e-01 -1.370026171207427979e-01 -1.875068843364715576e-01 -2.257277220487594604e-01 -2.560139894485473633e-01 6.462963223457336426e-01 5.315406918525695801e-01 -2.642167210578918457e-01 -2.183504402637481689e-03 2.578959167003631592e-01 -8.163233846426010132e-02 3.253475725650787354e-01 2.690550088882446289e-01 6.115297079086303711e-01 2.388252317905426025e-01 -1.474474966526031494e-01 2.134491354227066040e-01 -1.020947918295860291e-01 -6.199495792388916016e-01 -5.350198745727539062e-01 3.616989552974700928e-01 -1.668498218059539795e-01 -2.732793390750885010e-01 1.228841468691825867e-01 -1.742635965347290039e-01 -1.365690529346466064e-01 -9.741390496492385864e-02 1.775939464569091797e-01 -1.335581243038177490e-01 8.322577476501464844e-01 -6.521208882331848145e-01 -1.295390166342258453e-02 -4.896485060453414917e-02 1.035414934158325195e-01 3.128223121166229248e-01 6.442432850599288940e-02 7.002081871032714844e-01 2.810108661651611328e-01 4.927253127098083496e-01 -1.519763320684432983e-01 7.989335060119628906e-02 2.793483734130859375e-01 -4.282864332199096680e-01 -4.287844002246856689e-01 6.437721252441406250e-01 -6.569606810808181763e-02 -2.048965841531753540e-01 -7.896849513053894043e-02 3.548573702573776245e-03 -4.433223605155944824e-01 -5.927366763353347778e-02 1.388125866651535034e-01 -3.225235939025878906e-01 -1.870736032724380493e-01 1.741179525852203369e-01 -2.273463755846023560e-01 3.978675231337547302e-02 5.915568396449089050e-02 7.692146301269531250e-02 3.518033623695373535e-01 1.576678156852722168e-01 -2.579770386219024658e-01 -1.019772291183471680e-01 6.331289410591125488e-01 -6.661167740821838379e-02 1.738811731338500977e-01 -1.624775826930999756e-01 -1.635392755270004272e-02 1.521840989589691162e-01 3.179462552070617676e-01 3.641638457775115967e-01 -8.958076685667037964e-02 4.511405229568481445e-01 2.162110060453414917e-02 7.870755344629287720e-02 7.219250202178955078e-01 2.993856370449066162e-01 -1.175060495734214783e-01 -4.844790995121002197e-01 3.640933632850646973e-01 5.344643816351890564e-02 3.768700063228607178e-01 3.196645677089691162e-01 2.217207551002502441e-01 2.052961736917495728e-01 2.859606742858886719e-01 -3.527452945709228516e-01 2.261657714843750000e-01 5.622843280434608459e-02 1.019694730639457703e-01 -1.451993286609649658e-01 3.173718452453613281e-01 3.702242374420166016e-01 -7.229824364185333252e-02 2.226940691471099854e-01 1.545296162366867065e-01 1.598055958747863770e-01 3.920779526233673096e-01 -4.305039942264556885e-01 1.753368079662322998e-01 1.696934998035430908e-01 2.422780394554138184e-01 -2.826833128929138184e-01 -1.127272099256515503e-01 2.263373732566833496e-01 -3.422636538743972778e-03 8.668817877769470215e-01 1.900526285171508789e-01 6.242508292198181152e-01 1.445682048797607422e-01 3.409507870674133301e-01 -6.646584272384643555e-01 2.526352107524871826e-01 -1.460416615009307861e-01 1.353970468044281006e-01 -3.412641882896423340e-01 -1.509029269218444824e-01 -1.349153220653533936e-01 1.300816889852285385e-02 5.937555804848670959e-03 -8.110437542200088501e-02 2.862971127033233643e-01 -4.288301765918731689e-01 -3.288221061229705811e-01 -1.077094227075576782e-01 1.638444513082504272e-01 4.421329498291015625e-01 -2.007278800010681152e-01 -9.525687694549560547e-01 2.934859097003936768e-01 3.405357301235198975e-01 -6.097521781921386719e-01 2.591318488121032715e-01 -4.381488263607025146e-02 -2.951032221317291260e-01 3.511865735054016113e-01 7.055966258049011230e-01 -3.241044282913208008e-02 -8.530221134424209595e-02 1.448650807142257690e-01 1.103256493806838989e-01 4.259896576404571533e-01 4.286063462495803833e-02 -5.983313918113708496e-01 4.045324921607971191e-01 2.028385847806930542e-01 1.605611294507980347e-01 -2.281056493520736694e-01 7.941425591707229614e-02 4.329658448696136475e-01 -1.715798527002334595e-01 2.614236176013946533e-01 -3.074079155921936035e-01 2.108942270278930664e-01 -1.232810020446777344e-01 5.023038983345031738e-01 1.142352297902107239e-01 -2.189538329839706421e-01 4.459318518638610840e-01 -1.451340503990650177e-02 9.025812149047851562e-02 -4.060021936893463135e-01 1.955900639295578003e-01 -9.437227249145507812e-02 -4.164594411849975586e-02 3.673542141914367676e-01 3.691163063049316406e-01 -1.167457997798919678e-01 -6.223087906837463379e-01 -2.109727114439010620e-01 1.093206778168678284e-01 1.416257321834564209e-01 -8.155677467584609985e-02 2.236813306808471680e-01 3.215078413486480713e-01 6.108146905899047852e-01 5.071983337402343750e-01 3.228371739387512207e-01 -1.209967732429504395e-01 -5.828181281685829163e-02 2.746799588203430176e-01 -3.098815381526947021e-01 -2.941692173480987549e-01 1.266454719007015228e-02 -3.275223374366760254e-01 -7.515560835599899292e-02 4.109173417091369629e-01 -3.628108501434326172e-01 -2.293394058942794800e-01 3.250932097434997559e-01 2.320053800940513611e-02 3.295640647411346436e-01 1.746704280376434326e-01 2.234145849943161011e-01 8.128455281257629395e-02 -2.363723069429397583e-01 6.282965838909149170e-02 1.021566838026046753e-01 7.060040831565856934e-01 -3.447129428386688232e-01 1.203799098730087280e-01 2.785688042640686035e-01 -2.820213735103607178e-01 2.354090213775634766e-01 6.618902832269668579e-02 1.993349790573120117e-01 6.555914878845214844e-01 -3.988746404647827148e-01 5.183183401823043823e-02 4.522761106491088867e-01 2.059246152639389038e-01 3.905386924743652344e-01 6.186953559517860413e-02 5.316115915775299072e-02 -6.994633376598358154e-02 2.379714399576187134e-01 -2.936774194240570068e-01 1.113347709178924561e-01 -7.281105220317840576e-02 -3.796035349369049072e-01 -3.380907326936721802e-02 -4.277527034282684326e-01 2.466137111186981201e-01 5.543569922447204590e-01 3.484237194061279297e-01 4.535217583179473877e-01 3.367370069026947021e-01 -2.270538806915283203e-01 3.577682077884674072e-01 -2.011282593011856079e-01 -3.088268637657165527e-01 -9.694620966911315918e-03 5.763834714889526367e-01 1.594379544258117676e-02 2.433513998985290527e-01 9.648062288761138916e-02 -4.255294203758239746e-01 -1.293824762105941772e-01 6.123824119567871094e-01 4.707174897193908691e-01 2.081074118614196777e-01 -3.667316213250160217e-02 5.549399256706237793e-01 8.558443188667297363e-02 6.479111909866333008e-01 -1.097053766250610352e+00 -1.377547532320022583e-01 5.121636763215065002e-02 -5.462681651115417480e-01 -1.817261129617691040e-01 -4.236201643943786621e-01 -1.010831713676452637e+00 -3.814483284950256348e-01 2.061752676963806152e-01 3.876493871212005615e-02 4.196106791496276855e-01 -2.941425442695617676e-01 -3.509648144245147705e-01 -5.360006690025329590e-01 3.570040464401245117e-01 4.207451343536376953e-01 2.696899771690368652e-01 3.502016663551330566e-01 -5.748941898345947266e-01 3.330977559089660645e-01 -5.560231208801269531e-01 -7.814329862594604492e-02 -1.487422883510589600e-01 -3.196886777877807617e-01 -4.508136808872222900e-01 5.844166129827499390e-02 -1.701906174421310425e-01 -1.355248838663101196e-01 -1.734767258167266846e-01 2.718248665332794189e-01 5.442222580313682556e-03 -2.366491407155990601e-01 6.551368236541748047e-01 3.080371022224426270e-01 4.607391059398651123e-01 -1.524663344025611877e-02 -1.993145197629928589e-01 1.204212009906768799e-01 -2.523338198661804199e-01 2.313728928565979004e-01 -1.225831210613250732e-01 -2.515085339546203613e-01 1.075586210936307907e-02 -1.566315069794654846e-02 -4.310189932584762573e-02 -4.602448046207427979e-01 2.455833554267883301e-02 1.193493306636810303e-01 2.548914849758148193e-01 2.638072073459625244e-01 9.606969356536865234e-02 -3.179615363478660583e-02 -8.069704473018646240e-02 -4.543243646621704102e-01 2.283314466476440430e-01 3.325770497322082520e-01 3.890995979309082031e-01 4.385860562324523926e-01 1.276737153530120850e-01 3.783684372901916504e-01 -1.611186265945434570e-01 -4.162400960922241211e-03 -8.119925260543823242e-01 -3.304134905338287354e-01 1.708676367998123169e-01 7.352457642555236816e-01 -7.638170570135116577e-02 2.395253628492355347e-01 8.632292747497558594e-01 3.409498333930969238e-01 -3.097338378429412842e-01 1.791130155324935913e-01 -3.293033242225646973e-01 1.332651972770690918e-01 2.590293884277343750e-01 -1.345020979642868042e-01 1.832399517297744751e-01 -3.187738955020904541e-01 9.935606271028518677e-02 2.199734896421432495e-01 4.785780608654022217e-02 3.259264230728149414e-01 8.405302464962005615e-02 5.130562782287597656e-01 4.830474853515625000e-01 5.610718727111816406e-01 -7.142558693885803223e-03 -5.649704933166503906e-01 7.629372179508209229e-02 9.947102069854736328e-01 -3.150973469018936157e-02 5.519254803657531738e-01 3.467983305454254150e-01 3.977376520633697510e-01 -6.781121492385864258e-01 2.391220182180404663e-01 -5.319396257400512695e-01 2.224598824977874756e-02 -1.534466445446014404e-01 -1.821264028549194336e-01 3.622779548168182373e-01 -7.327641248703002930e-01 -4.805367290973663330e-01 1.584154218435287476e-01 2.142675071954727173e-01 -7.741791605949401855e-01 8.832518756389617920e-02 -1.166750073432922363e+00 -1.449486017227172852e-01 -1.005299389362335205e-01 4.716033339500427246e-01 -1.339376121759414673e-01 1.100916191935539246e-01 9.093719720840454102e-02 3.830128610134124756e-01 -7.296092063188552856e-02 -1.894324719905853271e-01 4.178792536258697510e-01 -3.404853492975234985e-02 1.122990250587463379e-01 4.080011844635009766e-01 4.812544584274291992e-02 1.839158385992050171e-01 -3.973582684993743896e-01 3.178600966930389404e-01 2.365675717592239380e-01 9.465497732162475586e-02 3.410618901252746582e-01 4.237225949764251709e-01 -1.851491928100585938e-01 4.385766386985778809e-01 3.310385346412658691e-01 1.952595636248588562e-02 2.165668755769729614e-01 -7.514616847038269043e-02 1.003311872482299805e-01 -9.873088002204895020e-01 8.358529955148696899e-02 9.109504520893096924e-02 1.011199429631233215e-01 -1.530548334121704102e-01 3.272859752178192139e-02 2.479425072669982910e-01 -5.249716639518737793e-01 -5.959067940711975098e-01 -1.509411334991455078e-01 1.679428517818450928e-01 -1.340982764959335327e-01 4.463502764701843262e-01 -4.918444156646728516e-02 2.168264240026473999e-01 -7.950959727168083191e-03 5.753604173660278320e-01 2.571479678153991699e-01 2.878832221031188965e-01 2.459532320499420166e-01 -2.449801713228225708e-01 -4.896931946277618408e-01 1.865340173244476318e-01 -2.931344509124755859e-01 -4.265627264976501465e-01 -5.729340948164463043e-03 3.987857699394226074e-02 2.034369856119155884e-01 3.833399340510368347e-02 -7.666692137718200684e-03 2.870153188705444336e-01 1.984906941652297974e-01 -1.944882571697235107e-01 -2.246807366609573364e-01 5.827726125717163086e-01 5.205790698528289795e-02 4.228209853172302246e-01 -7.192324399948120117e-01 -2.887570485472679138e-02 -8.733597397804260254e-02 1.139837056398391724e-01 -1.780378222465515137e-01 -1.014722511172294617e-01 1.198239773511886597e-01 5.510810390114784241e-02 1.804817467927932739e-01 1.317608058452606201e-01 -3.996489942073822021e-01 -4.152333736419677734e-02 9.486924111843109131e-02 6.871018409729003906e-01 -1.025761127471923828e+00 -3.880677521228790283e-01 1.856499314308166504e-01 -5.536531656980514526e-02 5.614097416400909424e-02 -4.747088253498077393e-01 -1.209873706102371216e-01 3.003529831767082214e-02 3.409110307693481445e-01 -6.967133283615112305e-01 2.403223961591720581e-01 1.258056908845901489e-01 8.813466876745223999e-02 3.829824626445770264e-01 -4.600233435630798340e-01 2.022190392017364502e-01 2.149784713983535767e-01 1.732166409492492676e-01 -1.879100948572158813e-01 1.549004614353179932e-01 -6.821187734603881836e-01 5.688069462776184082e-01 5.064883828163146973e-02 -1.780904084444046021e-01 -3.842975199222564697e-01 6.133892387151718140e-02 3.010991811752319336e-01 -5.317483544349670410e-01 -4.007822275161743164e-01 4.142355024814605713e-01 -3.390060067176818848e-01 1.051868051290512085e-01 3.833349049091339111e-01 -3.691120743751525879e-01 1.223873347043991089e-03 5.408471226692199707e-01 -6.675296425819396973e-01 1.380867362022399902e-01 -5.322228670120239258e-01 -1.835037469863891602e-01 -1.259764879941940308e-01 2.183000296354293823e-01 5.341453552246093750e-01 -4.412071779370307922e-03 2.969599664211273193e-01 3.662508428096771240e-01 -4.794032275676727295e-01 9.958722442388534546e-02 -3.291477859020233154e-01 -3.568549156188964844e-01 -1.494524836540222168e+00 -6.496594548225402832e-01 -2.245710790157318115e-02 -1.974548250436782837e-01
