1.114000231027603149e-01 3.602436929941177368e-02 1.100118607282638550e-01 -1.099040627479553223e+00 3.530800342559814453e-03 -3.624112308025360107e-01 -5.700196027755737305e-01 -1.217766165733337402e+00 -4.884474277496337891e-01 -3.679780662059783936e-01 7.933695614337921143e-02 -5.322806537151336670e-03 4.019343256950378418e-01 3.780396580696105957e-01 -8.241592049598693848e-01 -3.059963583946228027e-01 -4.534139931201934814e-01 3.492073388770222664e-03 1.704381704330444336e-01 2.258217632770538330e-01 6.202307939529418945e-01 2.610787004232406616e-02 3.170448169112205505e-02 8.282304555177688599e-02 4.614490568637847900e-01 4.415896236896514893e-01 -1.579013019800186157e-01 -1.272521466016769409e-01 -5.500610470771789551e-01 2.653625905513763428e-01 3.497840464115142822e-01 4.035802483558654785e-01 3.657034635543823242e-01 5.224215798079967499e-03 -1.528862714767456055e-01 2.135204821825027466e-01 -3.755389750003814697e-01 3.101302981376647949e-01 -2.392360270023345947e-01 1.624384820461273193e-01 1.572056412696838379e-01 -5.262535810470581055e-01 4.204933717846870422e-02 1.414061933755874634e-01 -2.431036531925201416e-01 -2.122540622949600220e-01 3.347374200820922852e-01 2.838736474514007568e-01 -2.362864762544631958e-01 3.449053764343261719e-01 1.832135170698165894e-01 2.850811481475830078e-01 9.655307978391647339e-02 9.117596596479415894e-02 -7.235718369483947754e-01 3.759993910789489746e-01 -3.650994896888732910e-01 -2.388086467981338501e-01 -7.081761956214904785e-02 -1.955712884664535522e-01 -6.125665456056594849e-02 -3.971779346466064453e-01 -4.044258892536163330e-01 -1.611044630408287048e-03 -5.962002277374267578e-01 7.193299382925033569e-02 3.375073969364166260e-01 6.247659921646118164e-01 2.962294816970825195e-01 4.078647196292877197e-01 6.086975336074829102e-01 2.988765239715576172e-01 2.562308907508850098e-01 -1.444775909185409546e-01 -4.004908502101898193e-01 2.150056511163711548e-02 -4.926459118723869324e-02 -2.074341773986816406e-01 3.133762478828430176e-01 -2.878662385046482086e-02 -4.293617010116577148e-01 6.372113823890686035e-01 8.643287420272827148e-02 9.281793236732482910e-02 -1.757730096578598022e-01 1.849448680877685547e-01 4.421494305133819580e-01 -8.270212411880493164e-01 -9.738580882549285889e-02 -3.534409105777740479e-01 4.911452531814575195e-01 -4.631108343601226807e-01 -2.940295040607452393e-01 -4.871689379215240479e-01 5.662506222724914551e-01 5.969341397285461426e-01 2.565460801124572754e-01 4.429650306701660156e-01 -3.009380027651786804e-02 -1.610865592956542969e-01 1.367094665765762329e-01 -2.246631830930709839e-01 4.497633278369903564e-01 -2.171638980507850647e-02 3.648109734058380127e-01 -3.050234913825988770e-01 2.457311600446701050e-01 3.793565928936004639e-01 -5.733799338340759277e-01 4.104108810424804688e-01 -2.214479446411132812e-01 -1.392091214656829834e-01 9.583716094493865967e-02 8.125506341457366943e-03 2.061552852392196655e-01 -1.315484941005706787e-01 -8.699262887239456177e-02 -6.079281568527221680e-01 2.916136682033538818e-01 4.457671940326690674e-01 1.731337234377861023e-02 -1.542635560035705566e+00 3.587184846401214600e-02 4.870470613241195679e-02 3.464616835117340088e-01 1.276520639657974243e-01 -9.127120673656463623e-02 5.650392770767211914e-01 -5.695892870426177979e-02 -4.923058152198791504e-01 -3.982108831405639648e-02 -8.647646009922027588e-02 5.380448698997497559e-01 1.823102980852127075e-01 -1.873613148927688599e-01 -5.836052298545837402e-01 -1.893412768840789795e-01 -1.628812253475189209e-01 2.235011607408523560e-01 -7.064073681831359863e-01 5.683879256248474121e-01 -1.093935817480087280e-01 2.163172960281372070e-01 -1.367151886224746704e-01 8.713477253913879395e-01 3.285963088274002075e-02 -5.085076093673706055e-01 2.860461473464965820e-01 2.510224580764770508e-01 -5.310842990875244141e-01 3.618456795811653137e-02 1.924701929092407227e-01 -1.594688743352890015e-01 4.704175293445587158e-01 2.688987255096435547e-01 1.273946017026901245e-01 -1.263662278652191162e-01 4.631839096546173096e-01 -1.021130755543708801e-01 3.765430152416229248e-01 7.181640863418579102e-01 -3.741801381111145020e-01 4.735605046153068542e-02 1.940107643604278564e-01 -2.354357391595840454e-02 3.313426859676837921e-03 7.519562244415283203e-01 3.032208234071731567e-02 7.025416940450668335e-02 2.349449843168258667e-01 3.512093722820281982e-01 5.427854880690574646e-02 -1.801823377609252930e-01 -4.144783318042755127e-01 4.050506651401519775e-01 2.035209387540817261e-01 4.769760072231292725e-01 1.494150310754776001e-01 -4.066140055656433105e-01 -2.296381741762161255e-01 3.217285871505737305e-01 5.589504539966583252e-02 2.339088767766952515e-01 -1.061288341879844666e-01 -1.311599835753440857e-02 -4.676975905895233154e-01 1.894125789403915405e-01 -9.312160313129425049e-02 -3.525446355342864990e-01 3.843896090984344482e-01 1.549514010548591614e-03 1.361797004938125610e-01 1.576893776655197144e-02 1.359938979148864746e-01 9.624345600605010986e-02 2.525314688682556152e-01 -2.625008821487426758e-01 -2.271212935447692871e-01 5.010011792182922363e-01 -2.929496765136718750e-01 -7.485028356313705444e-02 -2.376187145709991455e-01 5.763392448425292969e-01 -7.704174518585205078e-02 6.627812385559082031e-01 2.679418027400970459e-01 -1.250617206096649170e-01 -3.225800395011901855e-01 -6.820705533027648926e-01 -4.281837865710258484e-02 5.495563745498657227e-01 8.760335296392440796e-02 -1.501891911029815674e-01 -2.815910279750823975e-01 1.652472317218780518e-01 2.415894418954849243e-01 -3.221631050109863281e-01 2.838694117963314056e-02 -1.498911529779434204e-02 -1.568673253059387207e-01 7.113491892814636230e-01 -1.146702617406845093e-01 1.672210395336151123e-01 3.454997837543487549e-01 -4.872625321149826050e-02 -3.593391180038452148e-01 -4.602009654045104980e-01 -3.717128932476043701e-01 2.802429795265197754e-01 6.753605008125305176e-01 1.042287275195121765e-01 3.818455338478088379e-01 2.577797174453735352e-01 -3.354960680007934570e-01 6.542871892452239990e-02 3.390239775180816650e-01 -2.839605212211608887e-01 2.876241691410541534e-02 1.514562666416168213e-01 -3.010456860065460205e-01 2.448949366807937622e-01 3.806406557559967041e-01 -1.266452372074127197e-01 2.497217655181884766e-01 3.097964823246002197e-01 -1.099331304430961609e-01 2.017220407724380493e-01 1.707587838172912598e-01 -8.924568071961402893e-03 4.802121222019195557e-01 -3.188014328479766846e-01 3.872785568237304688e-01 2.575707137584686279e-01 2.411585152149200439e-01 1.108328253030776978e-01 8.033793419599533081e-02 6.990190148353576660e-01 3.757223784923553467e-01 1.319102197885513306e-01 1.935795992612838745e-01 4.118682444095611572e-02 -1.994438767433166504e-01 4.928254708647727966e-02 1.093547046184539795e-01 -1.007968187332153320e-02 -7.734752260148525238e-03 3.809109330177307129e-01 3.140437901020050049e-01 2.859217226505279541e-01 3.938798010349273682e-01 4.302091598510742188e-01 3.942787647247314453e-01 1.311250478029251099e-01 -1.332249939441680908e-01 2.918972969055175781e-01 -1.014725804328918457e+00 3.994348943233489990e-01 4.631084948778152466e-02 -4.294981434941291809e-02 5.091758966445922852e-01 2.275414466857910156e-01 2.580152750015258789e-01 -2.088240114971995354e-03 8.897349238395690918e-02 3.531035482883453369e-01 1.634788960218429565e-01 -5.906220078468322754e-01 -3.760049119591712952e-02 -1.506080389022827148e+00 1.103403940796852112e-01 -1.968209445476531982e-01 1.074696183204650879e-01 -3.397004902362823486e-01 -2.774277329444885254e-01 1.038246899843215942e-01 -2.195495367050170898e-01 -1.588568389415740967e-01 -1.564356833696365356e-01 -5.106481313705444336e-01 5.019050836563110352e-01 9.623036533594131470e-02 1.898187100887298584e-01 -1.946645975112915039e-02 6.575744152069091797e-01 -6.888396739959716797e-01 -2.850614786148071289e-01 2.514389529824256897e-02 -4.318134486675262451e-02 1.675174981355667114e-01 -5.561276078224182129e-01 2.313553541898727417e-01 3.792354166507720947e-01 -2.984461784362792969e-01 4.999703168869018555e-01 -1.882727891206741333e-01 2.624005079269409180e-01 2.582041919231414795e-02 2.111742831766605377e-02 1.570493727922439575e-01 4.096540212631225586e-01 -2.719736993312835693e-01 -6.546950340270996094e-02 -4.845159500837326050e-02 -7.381762266159057617e-01 3.375542759895324707e-01 -1.103551760315895081e-01 3.265421986579895020e-01 -7.621305584907531738e-01 -5.810050368309020996e-01 5.018293857574462891e-01 5.044713616371154785e-01 1.443724334239959717e-01 2.255942374467849731e-01 -2.394476979970932007e-01 3.212788105010986328e-01 1.370297670364379883e-01 -2.070194929838180542e-01 3.301992714405059814e-01 3.864036202430725098e-01 5.227192640304565430e-01 -2.443868070840835571e-01 8.049412071704864502e-02 -7.500060647726058960e-02 5.200757831335067749e-02 1.688748896121978760e-01 -1.257553398609161377e-01 1.648548692464828491e-01 3.328461349010467529e-01 -8.595456182956695557e-02 4.392184913158416748e-01 3.737924993038177490e-02 7.253930568695068359e-01 -9.326327443122863770e-01 1.155764237046241760e-01 -5.343153700232505798e-02 3.837228715419769287e-01 2.791300117969512939e-01 -5.814490914344787598e-01 2.859744727611541748e-01 -6.532117128372192383e-01 -8.131244778633117676e-02 2.135002762079238892e-01 5.052545070648193359e-01 3.659536242485046387e-01 -1.311143636703491211e-01 1.202169805765151978e-01 -1.391599774360656738e-01 -5.088733434677124023e-01 9.599027037620544434e-02 3.067047297954559326e-01 -1.078365594148635864e-01 1.327606141567230225e-01 4.570897668600082397e-02 2.290463000535964966e-01 -1.193833425641059875e-01 -1.292431205511093140e-01 3.719860315322875977e-01 -8.829528838396072388e-02 3.123103976249694824e-01 -3.811293542385101318e-01 2.207749336957931519e-01 4.096007645130157471e-01 4.513584673404693604e-01 -2.494452893733978271e-02 4.022582471370697021e-01 2.113350182771682739e-01 5.840576440095901489e-02 6.024819612503051758e-01 -6.870806217193603516e-02 -1.759082078933715820e-01 2.623215913772583008e-01 -3.761432468891143799e-01 4.388955608010292053e-02 -1.954765915870666504e-01 3.530228734016418457e-01 -1.941638290882110596e-01 -2.435593008995056152e-01 8.037299662828445435e-02 -4.620120227336883545e-01 -1.508256316184997559e+00 -1.277907565236091614e-02 5.593958124518394470e-02 2.313732653856277466e-01 2.871723473072052002e-01 3.472028970718383789e-01 -5.660362169146537781e-02 -3.365982472896575928e-01 2.557932436466217041e-01 1.805023252964019775e-01 -6.106250360608100891e-02 -1.988837867975234985e-02 -1.783229559659957886e-01 -5.154340267181396484e-01 1.918132007122039795e-01 1.975542604923248291e-01 -2.009879983961582184e-02 7.149647474288940430e-01 -3.300635516643524170e-01 -2.238494753837585449e-01 -2.631209492683410645e-01 -3.826244547963142395e-02 1.723816543817520142e-01 -2.792917490005493164e-01 2.339194118976593018e-01 2.043529450893402100e-01 6.654936075210571289e-01 -1.655697524547576904e-01 5.023009181022644043e-01 2.320576757192611694e-01 5.596696734428405762e-01 2.083511352539062500e-01 2.339424639940261841e-01 3.741796910762786865e-01 3.720347285270690918e-01 -6.903757452964782715e-01 -3.569148182868957520e-01 4.443381726741790771e-02 4.314597249031066895e-01 2.089773714542388916e-01 1.463361680507659912e-01 2.848969399929046631e-01 -1.040270552039146423e-01 -7.083221673965454102e-01 2.437020987272262573e-01 -4.678070545196533203e-01 2.130658179521560669e-01 1.949249207973480225e-01 -9.865601360797882080e-02 -4.035268127918243408e-01 -1.310973644256591797e+00 1.966884881258010864e-01 -2.746899127960205078e-01 3.806029260158538818e-01 -1.826543211936950684e-01 -1.297470092773437500e+00 1.344265490770339966e-01 5.519521832466125488e-01 2.784501016139984131e-01 -2.190121449530124664e-02 1.123779639601707458e-01 9.927799552679061890e-02 3.754315376281738281e-01 4.387501999735832214e-02 -7.354994118213653564e-02 3.013737499713897705e-01 -8.899995088577270508e-01 -3.206820189952850342e-01 5.996056795120239258e-01 -7.431930899620056152e-01 1.244322955608367920e-02 2.372806966304779053e-01 4.531421065330505371e-01 1.844082176685333252e-01 3.188589215278625488e-01 2.453025728464126587e-01 9.678491950035095215e-02 1.550249755382537842e-01 -7.538630813360214233e-02 4.225068390369415283e-01 3.167470693588256836e-01 6.171377897262573242e-01 3.322366476058959961e-01 3.634691536426544189e-01 -8.097818493843078613e-01 -4.284144341945648193e-01 -3.525204211473464966e-02 -8.003457635641098022e-02 8.115109801292419434e-02 -1.946772187948226929e-01 -5.649252533912658691e-01 1.132289022207260132e-01 1.808574348688125610e-01 -2.069941014051437378e-01 3.242004215717315674e-01 -3.449940681457519531e-01 -1.281261593103408813e-01 4.616720974445343018e-01 -1.297752559185028076e-01 7.927536964416503906e-03 -3.615862429141998291e-01 1.714487671852111816e-01 2.186994850635528564e-01 2.232300639152526855e-01 2.919578254222869873e-01 2.967912554740905762e-01 6.043863892555236816e-01 8.434971794486045837e-03 1.798839569091796875e-01 2.075721323490142822e-01 -4.181182384490966797e-02 -1.652002036571502686e-01 -2.480170726776123047e-01 -1.795898824930191040e-01 1.194456368684768677e-01 -2.146783471107482910e-01 7.970130443572998047e-01 -8.524553477764129639e-02 2.258202135562896729e-01 -1.043202757835388184e+00 -1.298590749502182007e-01 -1.053950563073158264e-02 -5.289533734321594238e-01 -1.405922770500183105e-01 -1.430969685316085815e-01 8.774656057357788086e-02 4.902675449848175049e-01 2.403292208909988403e-01 3.985600471496582031e-01 7.516317069530487061e-02 -4.079117998480796814e-02 2.291440367698669434e-01 7.421091198921203613e-02 -1.230064183473587036e-01 -6.636256575584411621e-01 1.333867758512496948e-01 2.111108601093292236e-01 -8.484173417091369629e-01 -2.868154942989349365e-01 4.941216409206390381e-01 -3.199895620346069336e-01 -2.779996395111083984e-01 -1.529291570186614990e-01 -3.458001017570495605e-01 -1.321867853403091431e-01 2.592625617980957031e-01 5.246830582618713379e-01 -9.412173628807067871e-01 -7.221262156963348389e-02 -1.271020025014877319e-01 1.687389314174652100e-01 -1.942470073699951172e-01 -5.282961726188659668e-01 -5.652105063199996948e-02 -4.304755926132202148e-01 1.370640695095062256e-01 -4.240957647562026978e-02 4.832345843315124512e-01 5.126128792762756348e-01 -2.429370284080505371e-01 7.315092682838439941e-01 3.160928487777709961e-01 2.126957476139068604e-01 -4.863346219062805176e-01 -3.194497823715209961e-01 -3.263740837574005127e-01 -4.498470127582550049e-01 3.037517368793487549e-01 4.430615603923797607e-01 3.022006154060363770e-01 -1.253316551446914673e-01 -9.434244036674499512e-01 3.970579206943511963e-01 2.670696377754211426e-01 2.985662221908569336e-01 2.358863949775695801e-01 -3.501223921775817871e-01 -1.523398328572511673e-02 -1.008655071258544922e+00 -9.276184439659118652e-02 -3.838257491588592529e-01 -6.293756365776062012e-01 -2.027801573276519775e-01 2.800446748733520508e-01 -1.466508358716964722e-01 -5.716174244880676270e-01 4.111540317535400391e-01 1.540506333112716675e-01 -4.810757040977478027e-01 4.451600089669227600e-02 -2.331263199448585510e-02 5.405785515904426575e-02 4.761691689491271973e-01 -2.652841508388519287e-01 1.874471604824066162e-01 1.521683931350708008e-01 4.660131037235260010e-01 3.689679205417633057e-01 5.589309930801391602e-01 3.297585994005203247e-02 4.604879021644592285e-02 2.411607503890991211e-01 3.535179793834686279e-02 -6.173412799835205078e-01 -3.459974527359008789e-01 1.379530131816864014e-01 -3.412550389766693115e-01 4.857754707336425781e-02 3.153626322746276855e-01 -5.543539524078369141e-01 -1.386212110519409180e-01 1.912555992603302002e-01 -1.372559070587158203e-01 -1.012133955955505371e-01 -3.990832269191741943e-01 2.648353278636932373e-01 1.129328981041908264e-01 -2.341463603079319000e-02 2.114127278327941895e-01 8.226807117462158203e-01 6.267585754394531250e-01 1.930002570152282715e-01 3.369959890842437744e-01 -2.390596866607666016e-01 8.614150807261466980e-03 -4.619359374046325684e-01 -7.907071709632873535e-02 -2.763895690441131592e-01 -5.032629966735839844e-01 4.116985499858856201e-01 -9.692721813917160034e-02 3.867338299751281738e-01 3.354819416999816895e-01 2.654550075531005859e-01 -2.736704982817173004e-02 4.919236600399017334e-01 -3.327700123190879822e-02 3.369640409946441650e-01 -9.938942268490791321e-03 -2.362193018198013306e-01 2.761606127023696899e-03 -3.610645234584808350e-02 5.650934576988220215e-01 4.728011786937713623e-02 1.815672665834426880e-01 -4.671576023101806641e-01 -4.397363066673278809e-01 2.873615920543670654e-01 3.616342246532440186e-01 -3.513980507850646973e-01 -2.710166871547698975e-01 3.466141968965530396e-02 2.690469287335872650e-02 3.335759043693542480e-01 -1.946293935179710388e-02 -9.906451404094696045e-02 -1.490105032920837402e+00 2.368446886539459229e-01 1.529471129179000854e-01 3.535296022891998291e-01 -1.549555808305740356e-01 1.349818408489227295e-01 1.328617185354232788e-01 4.241779744625091553e-01 1.972575932741165161e-01 3.368782103061676025e-01 -3.394796699285507202e-02 2.532650232315063477e-01 2.118778675794601440e-01 1.179602444171905518e-01 2.245382368564605713e-01 -3.265582323074340820e-01 2.392406165599822998e-01 1.190986856818199158e-01 -1.908299773931503296e-01 4.698465019464492798e-02 4.641320556402206421e-02 1.672356277704238892e-01 -8.713738322257995605e-01 2.540619075298309326e-01 6.057476997375488281e-01 -3.048279881477355957e-01 5.852753669023513794e-02 1.082646027207374573e-01 -1.200519680976867676e+00 -5.065782666206359863e-01 -2.008840590715408325e-01 -1.645046174526214600e-01 -4.493593573570251465e-01 -1.250941772013902664e-02 1.061566174030303955e-01 9.692065417766571045e-02 7.685207575559616089e-02 3.144087791442871094e-01 1.916171759366989136e-01 -1.726386398077011108e-01 -1.000750958919525146e-01 1.019640788435935974e-01 1.001953035593032837e-01 3.515599370002746582e-01 -1.251992769539356232e-02 1.795424073934555054e-01 -2.518559694290161133e-01 8.227288722991943359e-02 2.581828236579895020e-01 5.884377658367156982e-02 4.905301928520202637e-01 1.649981141090393066e-01 -3.107461333274841309e-01 -1.588862538337707520e-01 3.308429121971130371e-01 -9.666085243225097656e-02 1.958068907260894775e-01 -2.709548473358154297e-01 -2.813586592674255371e-01 1.930641382932662964e-01 5.408209934830665588e-02 3.484778404235839844e-01 -4.013917148113250732e-01 -2.549404799938201904e-01 7.407352328300476074e-01 4.772832393646240234e-01 4.454948306083679199e-01 9.471011161804199219e-02 3.552793264389038086e-01 4.497202038764953613e-01 9.525904804468154907e-02 -4.591948091983795166e-01 -1.065826490521430969e-01 -9.018793702125549316e-01 -1.825836598873138428e-01 2.746385633945465088e-01 2.703961133956909180e-01 -4.826048761606216431e-02 3.252920806407928467e-01 -1.730712950229644775e-01 7.906928062438964844e-01 -2.604774236679077148e-01 -3.333450555801391602e-01 -6.069899201393127441e-01 -8.169583231210708618e-02 1.164574995636940002e-01 -2.594080939888954163e-02 1.789523512125015259e-01 5.616460442543029785e-01 1.790167540311813354e-01 4.302871823310852051e-01 -2.951843142509460449e-01 -3.065081834793090820e-01 -5.714694857597351074e-01 -2.100624144077301025e-03 6.768330931663513184e-02 -1.867708861827850342e-01 -7.878007739782333374e-02 2.346596494317054749e-02 -2.294603921473026276e-02 -4.328958988189697266e-01 6.022125110030174255e-02 6.003887951374053955e-02 9.415505528450012207e-01 2.237723171710968018e-01 -2.231376171112060547e-01 -3.406335413455963135e-01 5.649846792221069336e-02 4.283249378204345703e-01 1.176458150148391724e-01 1.591217070817947388e-01 3.234573006629943848e-01 3.337723910808563232e-01 3.359288275241851807e-01 1.058072000741958618e-01 -2.669323086738586426e-01 -2.214546315371990204e-02 -1.969646476209163666e-02 1.090057134628295898e+00 1.452010311186313629e-02 1.357548236846923828e-01 3.399936854839324951e-01 1.257056146860122681e-01 4.499919712543487549e-01 -5.043707042932510376e-02 5.638356208801269531e-01 -1.467274725437164307e-01 5.969972610473632812e-01 -3.849475383758544922e-01 -9.134463220834732056e-02 3.559048771858215332e-01 -8.435261845588684082e-01 -2.958927676081657410e-02 -9.697141498327255249e-02 -2.181387990713119507e-01 5.230292677879333496e-03 5.892863124608993530e-02 3.156435191631317139e-01 1.438361257314682007e-01 -7.314568758010864258e-01 9.730495512485504150e-04 -5.199605226516723633e-01 2.921331487596035004e-02 2.348624020814895630e-01 -3.805978000164031982e-01 -3.686265945434570312e-01 1.058395653963088989e-01 5.055502057075500488e-01 2.569216117262840271e-02 3.416422009468078613e-01 -1.267784714698791504e+00 -1.971900314092636108e-01 5.414126813411712646e-02 -2.041292637586593628e-01 6.292283535003662109e-01 -6.311761736869812012e-01 1.524629294872283936e-01 3.837344944477081299e-01 1.716194860637187958e-02 -2.958120219409465790e-02 1.978634595870971680e-01 8.035882562398910522e-02 1.036678403615951538e-01 -2.391747087240219116e-01 2.888040244579315186e-01 -6.027812957763671875e-01 3.699362277984619141e-01 -2.044474184513092041e-01 1.080518513917922974e-01 -7.100160717964172363e-01 -9.284112602472305298e-02 1.506248265504837036e-01 5.302298814058303833e-02 2.652115225791931152e-01 -1.414238512516021729e-01 6.310982108116149902e-01 3.796586394309997559e-02 -4.593823254108428955e-01 2.972037494182586670e-01 -1.753020584583282471e-01 3.074195683002471924e-01 2.086075693368911743e-01 2.424270659685134888e-01 1.395617425441741943e-01 -3.025234341621398926e-01 1.228151395916938782e-01 -2.774184048175811768e-01 2.098292708396911621e-01 -4.166628122329711914e-01 4.384764730930328369e-01 -5.604772567749023438e-01 -2.326140254735946655e-01 -9.508988857269287109e-01 -7.255185395479202271e-02 1.366691384464502335e-02 4.718542098999023438e-01 -1.706866547465324402e-02 -1.145793572068214417e-01 -1.032193675637245178e-01 -6.010601520538330078e-01 4.599362611770629883e-01 2.889307439327239990e-01 -1.212630718946456909e-01 -5.892410874366760254e-01 -2.526545152068138123e-02 -1.294767022132873535e+00 2.176761478185653687e-01 3.041242361068725586e-01 -3.312980532646179199e-01 -5.394492298364639282e-02 -1.612659096717834473e-01 1.177424564957618713e-01 7.530939579010009766e-02 -6.544995903968811035e-01 2.296473085880279541e-02 4.525148496031761169e-02 -4.617651551961898804e-02 -7.855521887540817261e-02 6.091756746172904968e-02 4.980790913105010986e-01 -9.397737383842468262e-01 -4.711153805255889893e-01 3.628076314926147461e-01 -5.635938048362731934e-01 1.507898569107055664e-01 -1.236243396997451782e-01 3.523378074169158936e-01 4.349320530891418457e-01 3.852909803390502930e-01 4.485464468598365784e-02 -6.560499668121337891e-01 -3.181835114955902100e-01 1.127453148365020752e-02 -4.860920906066894531e-01 -3.171541988849639893e-01 -3.972000777721405029e-01 6.497391462326049805e-01 -6.029413938522338867e-01 1.208578199148178101e-01 3.812543451786041260e-01 -1.514576841145753860e-02 2.055307626724243164e-01 -1.577088385820388794e-01 -8.923999667167663574e-01 1.622975766658782959e-01 -4.167635738849639893e-01 4.753132164478302002e-02 9.288840740919113159e-02 1.290044933557510376e-01 3.612959086894989014e-01 -2.117204815149307251e-01 3.834338784217834473e-01 1.208185404539108276e-01 -5.927544832229614258e-01 -3.254559934139251709e-01 -6.667608022689819336e-02 -2.139141261577606201e-01 4.851955175399780273e-01 -5.069956183433532715e-01 -1.427129358053207397e-01 9.940747916698455811e-02 -6.232843995094299316e-01 -5.886764526367187500e-01 -2.988168001174926758e-01 3.064065985381603241e-02 1.698246300220489502e-01 1.622237414121627808e-01 -4.641474783420562744e-02 1.268933117389678955e-01 -1.646673232316970825e-01 2.378498017787933350e-01 -4.461310505867004395e-01 4.300349652767181396e-01 5.094235539436340332e-01 2.100201547145843506e-01 8.334363996982574463e-02 -1.390525996685028076e-01 1.382668167352676392e-01 1.609060168266296387e-01 -3.476670682430267334e-01 -2.273222357034683228e-01 -6.862072944641113281e-01 5.661311745643615723e-02 -4.367999136447906494e-01 1.229495331645011902e-01 3.503561913967132568e-01 9.964279085397720337e-02 3.296023905277252197e-01 1.411239355802536011e-01 -4.335128888487815857e-02 -1.220606639981269836e-02 4.464055001735687256e-01 -4.320482611656188965e-01 -2.198949754238128662e-01 2.701203152537345886e-02 -3.228075802326202393e-01 -2.782677412033081055e-01 -9.273734092712402344e-01 1.332308799028396606e-01 4.385010898113250732e-01 -2.959668636322021484e-01 -5.441120266914367676e-01 1.147983521223068237e-01 2.259135991334915161e-01 3.857714831829071045e-01 1.502858400344848633e-01 4.048455655574798584e-01 2.668089866638183594e-01 3.873302638530731201e-01 -7.938933372497558594e-01 5.589971318840980530e-02 3.732428252696990967e-01 6.930774450302124023e-01 3.462118506431579590e-01 -3.392549157142639160e-01 -3.381174206733703613e-01 -1.095043122768402100e-02 -1.342928111553192139e-01 2.261954098939895630e-01 -2.267571240663528442e-01 8.637864887714385986e-02 -3.570039868354797363e-01 -8.086205124855041504e-01 -3.737404644489288330e-01 6.331689953804016113e-01 7.322502881288528442e-02 2.599487304687500000e-01 -3.643614649772644043e-01 -1.648962199687957764e-01 1.734863966703414917e-01 -1.377058178186416626e-01 2.244240939617156982e-01 -3.371980488300323486e-01 -2.991524636745452881e-01 -7.919102907180786133e-01 -2.604076862335205078e-01 9.221258573234081268e-03 4.680638909339904785e-01 -3.318498432636260986e-01 3.734506666660308838e-01 1.092434674501419067e-01 -5.179260671138763428e-02 2.053907662630081177e-01 -5.856794863939285278e-02 2.357522547245025635e-01 5.007308721542358398e-02 3.651601970195770264e-01 -1.241144016385078430e-01 9.165936708450317383e-02 -2.937281131744384766e-01 3.836280703544616699e-01 5.076094865798950195e-01 3.459583967924118042e-02 1.471226476132869720e-02 -7.541912794113159180e-02 -1.171460673213005066e-01 -1.386857479810714722e-01 8.073458075523376465e-02 -4.706098511815071106e-02 -1.509703695774078369e-01 1.380581557750701904e-01 -7.992713153362274170e-02 2.654592990875244141e-01 5.860939249396324158e-02 6.442092061042785645e-01 4.089768230915069580e-01 5.672795176506042480e-01 3.260080218315124512e-01 3.282422423362731934e-01 4.450694620609283447e-01 5.315703749656677246e-01 3.709691464900970459e-01 -3.266789391636848450e-02 1.642338037490844727e-01 -2.496325597167015076e-02 -3.287199437618255615e-01 -5.386865735054016113e-01 6.502285599708557129e-02 -2.509855926036834717e-01 2.893978171050548553e-02 -2.402679622173309326e-02 -5.382262468338012695e-01 -3.693735301494598389e-01 3.807786703109741211e-01 -7.269134372472763062e-02 4.428900778293609619e-02 5.814958363771438599e-02 4.741562306880950928e-01 -4.617333412170410156e-03 -7.878609895706176758e-01 3.485826030373573303e-02 -6.060328707098960876e-02 3.582272529602050781e-01 4.459705054759979248e-01 2.040746361017227173e-01 -1.500106751918792725e-01 1.698716431856155396e-01 -4.931827634572982788e-02 -7.175673246383666992e-01 1.234215125441551208e-01 2.986998856067657471e-01 -1.499806195497512817e-01 7.258407026529312134e-02 -3.786055743694305420e-01 3.679565191268920898e-01 -4.989562183618545532e-02 1.022588238120079041e-01 -3.433947265148162842e-02 2.161678820848464966e-01 4.204775691032409668e-01 1.833911687135696411e-01 -6.775866448879241943e-02 2.321048080921173096e-02 -8.136807382106781006e-02 3.617395088076591492e-02 -6.143515929579734802e-02 -5.478255748748779297e-01 -9.526097774505615234e-01 -1.074980020523071289e+00 3.908551037311553955e-01 1.284774392843246460e-02 -2.123544663190841675e-01 2.264842242002487183e-01 -1.104718208312988281e+00 -1.774729788303375244e-01 -1.178340554237365723e+00 -3.540671765804290771e-01 3.638788759708404541e-01 2.283961176872253418e-01 1.404345631599426270e-01 2.230538576841354370e-01 2.379453033208847046e-01 3.735973238945007324e-01 -2.086126059293746948e-01 -2.601984441280364990e-01 1.171962171792984009e-01 -3.327923826873302460e-03 7.984834164381027222e-02 2.077346146106719971e-01 -5.114088654518127441e-01 7.258792966604232788e-02 2.962573170661926270e-01 -3.847514688968658447e-01 -5.317219495773315430e-01 8.972419798374176025e-02 -3.817286491394042969e-01 -2.225049734115600586e-01 -3.334125280380249023e-01 2.050453573465347290e-01 -1.543247550725936890e-01 2.362231463193893433e-01 9.855066239833831787e-02 -1.209298893809318542e-02 1.551328003406524658e-01 -2.092073485255241394e-02 -1.355277001857757568e-01 -4.777872264385223389e-01 3.706798553466796875e-01 2.696609795093536377e-01 -2.297533676028251648e-02 4.588152468204498291e-01 -1.294951736927032471e-01 -4.713660776615142822e-01 -6.549023091793060303e-02 4.948155023157596588e-03 -5.236156582832336426e-01 -1.866967082023620605e-01 -6.502034515142440796e-02 -1.605493307113647461e+00 3.838754072785377502e-02 4.435051381587982178e-01 3.042425513267517090e-01 2.596539855003356934e-01 -3.718421161174774170e-01 -1.396134048700332642e-01 8.765117079019546509e-02 -2.296385914087295532e-01 4.065232351422309875e-03 4.314709603786468506e-01 -7.952370643615722656e-01 2.211478352546691895e-01 -1.772105097770690918e-01 -1.675360947847366333e-01 -1.204541400074958801e-01 2.410043776035308838e-01 1.659857779741287231e-01 1.387251466512680054e-01 2.775516808032989502e-01 5.093644261360168457e-01 -2.184615656733512878e-02 -7.101728320121765137e-01 3.078606724739074707e-01 1.823775023221969604e-01 -1.624850556254386902e-02 6.617468595504760742e-02 -3.621122241020202637e-01 3.181086778640747070e-01 -3.551782667636871338e-01 -7.016281783580780029e-02 3.422388434410095215e-01 -4.218409359455108643e-01 -3.612739443778991699e-01 -8.285831212997436523e-01 -5.517238974571228027e-01 -7.859078049659729004e-02 6.823987960815429688e-01 -5.066053867340087891e-01 4.645605012774467468e-02 1.794171780347824097e-01 -9.118354320526123047e-01 -1.508753001689910889e-01 -5.251851081848144531e-01 6.241499185562133789e-01 2.980003058910369873e-01 -3.350232541561126709e-01 2.764594554901123047e-01 -1.599398702383041382e-01 -2.629617452621459961e-01 4.878695905208587646e-01 2.658460140228271484e-01 1.864583492279052734e-01 1.452890038490295410e-01 -2.717773616313934326e-01 -4.419339001178741455e-01 7.279093563556671143e-02 2.585237026214599609e-01 1.452819406986236572e-01 2.123310863971710205e-01 2.540659606456756592e-01 1.372922658920288086e-01 7.388647645711898804e-02 -6.949455291032791138e-02 -9.803820401430130005e-02 1.026501804590225220e-01 4.817810058593750000e-01 -1.325428366661071777e+00 -7.771659642457962036e-02 9.872005134820938110e-02 4.074092507362365723e-01 -1.033597588539123535e+00 2.490436881780624390e-01 -2.470363080501556396e-01 3.443002700805664062e-01 1.414806395769119263e-01 3.922070860862731934e-01 -1.004906594753265381e-01 -7.626482099294662476e-02 4.513874650001525879e-01 -4.525351524353027344e-01 -5.028126835823059082e-01 -2.118586897850036621e-01 -3.977722227573394775e-01 1.711221188306808472e-01 -5.111386999487876892e-03 -4.101054370403289795e-01 1.326960325241088867e-01 -1.413715481758117676e-01 1.375552713871002197e-01 2.109069079160690308e-01 -9.674328565597534180e-02 -6.939361691474914551e-01 3.515540957450866699e-01 -4.626376032829284668e-01 8.026946783065795898e-01 5.450704097747802734e-01 -8.293229341506958008e-01 -2.901336550712585449e-01 4.586144089698791504e-01 -7.448019981384277344e-01 9.790281653404235840e-01 -1.279711872339248657e-01 1.704740822315216064e-01 -4.788903146982192993e-02 -2.711878418922424316e-01 6.666034460067749023e-02 -1.287163607776165009e-02 -2.490037493407726288e-02 1.355156153440475464e-01 -5.035420656204223633e-01 3.965401053428649902e-01 1.736962944269180298e-01 2.877615392208099365e-01 3.212091922760009766e-01 2.330870926380157471e-02 4.152368754148483276e-02 3.595403134822845459e-01 -4.603609144687652588e-01 -8.177511394023895264e-02 2.430743575096130371e-01 -6.744405627250671387e-02 3.070075213909149170e-01 3.190982937812805176e-01 7.689267396926879883e-01 1.363447755575180054e-01 -6.894226670265197754e-01 -4.062129259109497070e-01 -1.250179409980773926e-01 1.164781898260116577e-01 3.951073288917541504e-01 4.373617842793464661e-02 -1.897844225168228149e-01 9.383818507194519043e-02 2.452024817466735840e-01 -3.530506491661071777e-01 2.427477538585662842e-01 -1.232057437300682068e-01 -6.424979567527770996e-01 -2.200746536254882812e-01 -1.750845015048980713e-01 3.936007618904113770e-01 -9.393446147441864014e-02 1.695158630609512329e-01 -1.890622973442077637e-01 -6.665409207344055176e-01 -5.288733839988708496e-01 -2.675998210906982422e-01 2.620350122451782227e-01 -1.330732405185699463e-01 3.018576502799987793e-01 -4.636051356792449951e-01 -4.781259894371032715e-01 4.727197587490081787e-01 3.055692315101623535e-01 -2.583013772964477539e-01 5.910285711288452148e-01 1.635809689760208130e-01 -3.971733748912811279e-01 1.048565581440925598e-01 -3.907225131988525391e-01 4.722069948911666870e-02 2.988626360893249512e-01 -2.926876544952392578e-01 -1.445123851299285889e-01 -9.454157948493957520e-02 -2.923180460929870605e-01 -4.143662750720977783e-01 3.022657632827758789e-01 5.472792387008666992e-01 -2.881150692701339722e-03 2.644135653972625732e-01 -1.379310637712478638e-01 4.254781007766723633e-01 5.318887904286384583e-02 4.503965675830841064e-01 -7.944515943527221680e-01 3.158967196941375732e-01 8.142834156751632690e-02 1.050758734345436096e-01 2.059699445962905884e-01 -2.293034940958023071e-01 1.738428473472595215e-01 -8.809637427330017090e-01 1.032268181443214417e-01 -6.087110191583633423e-02 -4.763654172420501709e-01 1.792845577001571655e-01 2.428896278142929077e-01 1.446335911750793457e-01 -1.058271527290344238e+00 -1.141079515218734741e-01 5.294106006622314453e-01 1.205208599567413330e-01 1.056851819157600403e-01 1.599997729063034058e-01 1.968004703521728516e-01 -5.981684327125549316e-01 -1.239788979291915894e-01 1.352505981922149658e-01 4.491194188594818115e-01 2.377717792987823486e-01 1.272229552268981934e-01 -2.814696133136749268e-01 1.306291669607162476e-01 1.510735005140304565e-01 3.132686018943786621e-01 1.288511604070663452e-01 -2.890299856662750244e-01 1.534091979265213013e-01 7.755934596061706543e-01 -2.329440861940383911e-01 2.166677415370941162e-01 4.121127724647521973e-01 -1.829990595579147339e-01 -4.760506749153137207e-02 1.136759370565414429e-01 -5.973349511623382568e-02 -6.791905164718627930e-01 1.567309349775314331e-01 4.825207591056823730e-01 1.302477568387985229e-01 9.522435814142227173e-02 3.403047099709510803e-02 -9.652824141085147858e-03 1.345113962888717651e-01 1.081966087222099304e-01 3.275775536894798279e-02 3.274353444576263428e-01 -1.979414522647857666e-01 -7.961095869541168213e-02 9.653436020016670227e-03 -6.982601881027221680e-01 5.903584957122802734e-01 2.468097060918807983e-01 1.862854957580566406e-01 -3.231866359710693359e-01 -6.749307513236999512e-01 -2.160362005233764648e-01 -9.841094911098480225e-02 2.464612275362014771e-01 -3.216318488121032715e-01 -8.969803154468536377e-02 4.040139317512512207e-01 -7.019817084074020386e-02 -2.192967832088470459e-01 -4.498392045497894287e-01 9.811251610517501831e-02 -7.969038188457489014e-02 9.139799326658248901e-02 2.419635802507400513e-01 2.673879265785217285e-02 1.445572376251220703e-01 7.114624977111816406e-01 4.367173612117767334e-01 3.421261906623840332e-01 -3.627770841121673584e-01 1.662158071994781494e-01 -7.521799951791763306e-02 2.654404938220977783e-02 -1.360503584146499634e-01 2.986275553703308105e-01 4.115314781665802002e-01 -3.551975488662719727e-01 1.422277688980102539e-01 -5.324741005897521973e-01 3.295339941978454590e-01 3.225532472133636475e-01 1.028751954436302185e-02 3.614428937435150146e-01 -1.221787706017494202e-01 5.167391300201416016e-01 9.459233283996582031e-02 2.643283009529113770e-01 2.493452578783035278e-01 7.987879961729049683e-02 -4.116272926330566406e-01 1.927993744611740112e-01 2.298045158386230469e-01 2.639642655849456787e-01 -2.072627097368240356e-01 4.644762575626373291e-01 3.168338239192962646e-01 -5.208979547023773193e-02 7.109683752059936523e-01 -2.932487130165100098e-01 2.693810462951660156e-01 -3.690279126167297363e-01 -4.971700608730316162e-01 1.729644387960433960e-01 2.228323370218276978e-03 -1.656877547502517700e-01 -6.485583186149597168e-01 2.386360019445419312e-01 1.519862711429595947e-01 -1.040737777948379517e-01 1.047346293926239014e-01 -6.855083107948303223e-01 2.294769734144210815e-01 -1.521958876401185989e-02 -2.642305195331573486e-01 -6.555706858634948730e-01 -9.664484113454818726e-02 3.875890001654624939e-02 6.393678188323974609e-01 -2.232443988323211670e-01 5.075619816780090332e-01 7.104592323303222656e-01 -9.042349457740783691e-02 -4.238038361072540283e-01 -8.657397329807281494e-02 -1.865112632513046265e-01 3.835780918598175049e-01 2.345439493656158447e-01 3.803416490554809570e-01 -2.133692353963851929e-01 -1.913701295852661133e-01 4.985590279102325439e-01 8.647480010986328125e-01 -1.158691048622131348e-01 -4.468032419681549072e-01 -2.135650962591171265e-01 2.916111052036285400e-01 -9.342160075902938843e-02 4.453810155391693115e-01 -2.421957626938819885e-02 -4.675406813621520996e-01 -3.535858392715454102e-01 -3.120103180408477783e-01 2.463565617799758911e-01 -8.197070360183715820e-01 -2.801909483969211578e-02 -3.426666259765625000e-01 7.280921190977096558e-02 -3.687109798192977905e-03 3.631919622421264648e-03 5.729122161865234375e-01 4.960108995437622070e-01 -1.093527004122734070e-01 -1.340987682342529297e-01 -2.138325870037078857e-01 -3.248508274555206299e-01 -6.484325528144836426e-01 -3.584363758563995361e-01 -3.272349834442138672e-01 3.594093322753906250e-01 -9.880708903074264526e-02 3.864897489547729492e-01 -1.933592259883880615e-01 -2.771609127521514893e-01 2.897924780845642090e-01 -8.704079687595367432e-02 1.570651680231094360e-02 2.787796258926391602e-01 2.214466035366058350e-01 -1.825966313481330872e-02 1.657020673155784607e-02 -4.012658298015594482e-01 -1.021259665489196777e+00 1.261311322450637817e-01 3.100489079952239990e-01 1.577333807945251465e-01 1.692330092191696167e-02 1.403815001249313354e-01 3.419878482818603516e-01 3.379789590835571289e-01 8.380381017923355103e-02 1.310215741395950317e-01 1.985053122043609619e-01 3.937156796455383301e-01 5.027289390563964844e-01 9.740289300680160522e-02 9.306288510560989380e-02 4.663687646389007568e-01 9.280562400817871094e-02 8.010076284408569336e-01 -3.220612704753875732e-01 2.316056489944458008e-01 5.571825504302978516e-01 -1.345349401235580444e-01 3.853744268417358398e-02 4.170892015099525452e-02 3.413431048393249512e-01 -3.117925301194190979e-02 2.487521432340145111e-02 -5.895227193832397461e-01 2.476123571395874023e-01 -5.527071356773376465e-01 1.639762371778488159e-01 -1.701331436634063721e-01 1.082912608981132507e-01 -1.035060584545135498e-01 -1.105210334062576294e-01 -5.513397455215454102e-01 -1.572750210762023926e-01 5.793685913085937500e-01 -2.110184878110885620e-01 2.095074355602264404e-01 -3.599395453929901123e-01 -2.270264364778995514e-02 -4.757304191589355469e-01 5.919142365455627441e-01 -2.575327455997467041e-02 5.935438871383666992e-01 -6.637564301490783691e-01 1.562375277280807495e-01 5.340023636817932129e-01 -1.030658110976219177e-01 -3.099660575389862061e-01 3.279208242893218994e-01 2.991073131561279297e-01 -4.133675992488861084e-01 1.454308032989501953e-01 -1.913259550929069519e-02 1.093393862247467041e-01 -1.692035496234893799e-01 -4.198607429862022400e-02 -1.794432997703552246e-01 6.096021533012390137e-01 2.780355811119079590e-01 -3.964059427380561829e-02 -3.605021163821220398e-02 -2.088467925786972046e-01 1.372477710247039795e-01 2.492802590131759644e-01 3.169804215431213379e-01 2.520715892314910889e-01 1.440565437078475952e-01 1.940623521804809570e-01 4.177649021148681641e-01 2.623295038938522339e-02 1.017465144395828247e-01 -1.208799779415130615e-01 3.699562549591064453e-01 3.830118179321289062e-01 2.472480237483978271e-01 -2.275381982326507568e-02 6.137648597359657288e-02 7.790982723236083984e-01 1.722944080829620361e-01 -1.162188649177551270e-01 -1.537433862686157227e-01 4.373610913753509521e-01 -4.801999926567077637e-01 -4.390789568424224854e-02 -3.601351380348205566e-02 -1.145694553852081299e-01 7.048302888870239258e-02 2.246701717376708984e-01 4.887408018112182617e-02 4.182350039482116699e-01 1.647958457469940186e-01 -1.182608753442764282e-01 -7.425915002822875977e-01 -1.097718834877014160e+00 7.872398942708969116e-02 -9.377905130386352539e-01 -4.815733730792999268e-01 -1.426381230354309082e+00 -2.439087182283401489e-01 1.504027992486953735e-01 -4.965849593281745911e-02 8.085471391677856445e-02 -1.034050583839416504e+00 -2.235994189977645874e-01 6.136270985007286072e-02 -1.265522539615631104e-01 -5.712486337870359421e-03 1.521431356668472290e-01 -2.195142209529876709e-01 -1.331080049276351929e-01 2.725708186626434326e-01 -1.890409141778945923e-01 -8.609053492546081543e-01 -9.017626941204071045e-02 3.647190928459167480e-01 -7.955212593078613281e-01 -1.270154491066932678e-03 -8.946117162704467773e-01 -7.565991282463073730e-01 -6.554483622312545776e-02 -6.768503040075302124e-02 1.433761231601238251e-02 5.871128439903259277e-01 -2.235583961009979248e-01 -4.025172293186187744e-01 -2.213079035282135010e-01 -5.734191089868545532e-02 4.568614065647125244e-03 -2.024176269769668579e-01 2.591894865036010742e-01 2.443733066320419312e-02 -6.956489291042089462e-03 1.406825035810470581e-01 -6.177680194377899170e-02 -5.530854463577270508e-01 -7.015247941017150879e-01 1.884871572256088257e-01 5.375580191612243652e-01 4.525660276412963867e-01 6.109284237027168274e-02 3.125728964805603027e-01 1.325623393058776855e-01 6.787257790565490723e-01 -1.065381288528442383e+00 -6.289628148078918457e-02 3.369420394301414490e-02 -4.943820536136627197e-01 -2.896104454994201660e-01 -6.278088688850402832e-01 -1.937002502381801605e-02 2.085193991661071777e-04 7.308264970779418945e-01 -1.805115640163421631e-01 4.345277547836303711e-01 -9.708739072084426880e-02 -1.081091046333312988e+00 -1.377096399664878845e-03 5.958486348390579224e-02 4.476284384727478027e-01 1.666896939277648926e-01 2.469283342361450195e-01 -2.307665795087814331e-01 -1.743843317031860352e+00 -4.328303337097167969e-01 8.773951232433319092e-02 1.325130462646484375e-01 1.134339123964309692e-01 3.528282344341278076e-01 2.109410911798477173e-01 5.859556198120117188e-01 3.130180388689041138e-02 3.066370487213134766e-01 -1.945486962795257568e-01 6.087642163038253784e-02 4.010967612266540527e-01 -1.824745237827301025e-01 -5.504054576158523560e-02 -2.871120572090148926e-01 6.546729803085327148e-02 -3.918990790843963623e-01 -1.437388919293880463e-02 3.705534338951110840e-01 1.020361781120300293e-01 2.884088456630706787e-01 -2.435476034879684448e-01 2.210634648799896240e-01 -1.585940271615982056e-01 -4.395827949047088623e-01 1.551746726036071777e-01 -2.403853386640548706e-01 4.214461892843246460e-02 -1.427829265594482422e-02 -7.628469467163085938e-01 1.127989366650581360e-01 -2.780497670173645020e-01 -8.151202797889709473e-01 9.676256775856018066e-02 -1.196724534034729004e+00 -5.682352781295776367e-01 3.175779432058334351e-02 3.483392670750617981e-02 -6.484658718109130859e-01 3.476763516664505005e-02 -3.350666165351867676e-01 -1.023610308766365051e-02 -5.981119275093078613e-01 3.237109482288360596e-01 -3.121688663959503174e-01 6.028641462326049805e-01 4.641026556491851807e-01 -2.011825330555438995e-02 -1.940785497426986694e-01 -6.844704598188400269e-02 3.956690803170204163e-02 4.432218372821807861e-01 -1.792750693857669830e-02 -3.358495607972145081e-02 -1.203032881021499634e-01 -1.964239329099655151e-01 4.938598573207855225e-01 1.830482855439186096e-02 1.062094271183013916e-01 -1.827619224786758423e-01 -1.728466749191284180e-01 -5.121876597404479980e-01 2.293372303247451782e-01 4.179794192314147949e-01 3.207769095897674561e-01 -2.694257162511348724e-02 4.863839745521545410e-01 -4.008507728576660156e-01 -7.004348635673522949e-01 -3.337487578392028809e-01 2.973789274692535400e-01 2.292000204324722290e-01 1.488922536373138428e-01 -2.196160852909088135e-01 -8.112458139657974243e-02 1.381289809942245483e-01 3.856642842292785645e-01 -5.703165382146835327e-02 -3.032042086124420166e-01 1.094539314508438110e-01 -1.677778810262680054e-01 -1.650304049253463745e-01 1.401950567960739136e-01 -1.050993800163269043e-02 2.445715963840484619e-01 -1.997702121734619141e-01 5.266720429062843323e-02 3.449433743953704834e-01 -2.113321721553802490e-01 -1.277624163776636124e-02 -4.602575898170471191e-01 4.414916038513183594e-01 1.757737249135971069e-01 3.001257777214050293e-01 6.303873658180236816e-02 -1.715222597122192383e-01 2.789127826690673828e-01 -3.535815179347991943e-01 -6.449453234672546387e-01 -3.006009757518768311e-01 7.208014279603958130e-02 -1.757307909429073334e-03 1.193795427680015564e-01 3.156395554542541504e-01 3.560048043727874756e-01 1.472623199224472046e-01 2.446740120649337769e-01 -2.510261237621307373e-01 -6.009956449270248413e-02 4.845589101314544678e-01 5.788314938545227051e-01 -3.981115296483039856e-02 5.465007424354553223e-01 3.890751600265502930e-01 2.217052876949310303e-01 1.262939721345901489e-01 5.341618135571479797e-02 -1.997381448745727539e-01 6.358217000961303711e-01 -2.572898268699645996e-01 -6.640965491533279419e-02 9.358336031436920166e-02 -5.066862329840660095e-02 -8.518744111061096191e-01 4.101308882236480713e-01 5.333470702171325684e-01 -1.780988872051239014e-01 -8.595652133226394653e-02 -9.796999692916870117e-01 3.665051609277725220e-02 -2.516307532787322998e-01 5.901103615760803223e-01 2.750906050205230713e-01 1.815321296453475952e-01 -1.099125668406486511e-02 2.107964903116226196e-01 -2.062934190034866333e-01 4.192814230918884277e-01 2.339150756597518921e-01 2.641578912734985352e-01 2.127327471971511841e-01 2.339026927947998047e-01 7.188861370086669922e-01 -1.735780946910381317e-02 -6.794200539588928223e-01 2.079702541232109070e-02 8.588361740112304688e-02 -6.791725158691406250e-01 2.113460935652256012e-02 1.917221248149871826e-01 1.236124336719512939e-01 5.010886788368225098e-01 -1.615502834320068359e-01 2.153778374195098877e-01 7.751898467540740967e-02 3.159834742546081543e-01 -2.723518908023834229e-01 -6.172360181808471680e-01 1.582065522670745850e-01 6.958107948303222656e-01 2.433248013257980347e-01 1.107751354575157166e-01 -1.435394492000341415e-02 -1.365944594144821167e-01 2.886566519737243652e-01 4.640717804431915283e-02 -6.746517121791839600e-02 3.351479470729827881e-01 -3.695543408393859863e-01 2.349788323044776917e-02 6.539563834667205811e-02 2.484361380338668823e-01 -3.044058382511138916e-01 7.872038334608078003e-02 1.109450533986091614e-01 2.674503326416015625e-01 -1.148738116025924683e-01 2.088864743709564209e-01 8.691791892051696777e-01 -1.981247663497924805e-01 4.767882823944091797e-01 -9.032462835311889648e-01 -6.236952915787696838e-02 3.102179169654846191e-01 -3.626922369003295898e-01 1.717258393764495850e-01 6.889763474464416504e-01 3.026941418647766113e-01 4.124356433749198914e-03 3.885226696729660034e-02 -1.244336068630218506e-01 1.037798821926116943e-01 -1.970998346805572510e-01 2.181644290685653687e-01 1.208159402012825012e-01 3.221226036548614502e-01 2.184271514415740967e-01 9.856485575437545776e-02 1.817720532417297363e-01 1.345206648111343384e-01 2.622098028659820557e-01 2.006057798862457275e-01 -3.161042034626007080e-01 3.441590070724487305e-01 2.669936716556549072e-01 -2.609164118766784668e-01 1.345744431018829346e-01 -2.506920695304870605e-01 2.004518210887908936e-01 -3.755009472370147705e-01 -2.564444839954376221e-01 3.706868588924407959e-01 2.705033123493194580e-01 1.504743248224258423e-01 -9.965054988861083984e-01 -8.571057021617889404e-02 4.143559932708740234e-02 2.754782512784004211e-02 2.555924057960510254e-01 -2.536771297454833984e-01 1.945362687110900879e-01 4.957532584667205811e-01 -2.701070606708526611e-01 -6.669099628925323486e-02 -7.705821990966796875e-01 2.873311340808868408e-01 7.726281136274337769e-02 1.446006745100021362e-01 5.811026319861412048e-03 7.247249037027359009e-02 -3.981331586837768555e-01 4.230948090553283691e-01 -4.889490455389022827e-02 -4.696841239929199219e-01 -1.837199926376342773e-02 3.815968036651611328e-01 1.386218518018722534e-01 4.157108962535858154e-01 4.966703653335571289e-01 -9.661907702684402466e-02 -2.712812088429927826e-02 -9.012406319379806519e-02 4.462119042873382568e-01 2.302603870630264282e-01 -8.245677500963211060e-02 5.396369844675064087e-02 2.128935456275939941e-01 -1.092847902327775955e-02 3.473279476165771484e-01 -5.574762821197509766e-01 -2.515028715133666992e-01 2.138152420520782471e-01 1.926609426736831665e-01 1.232228726148605347e-01 2.779631018638610840e-01 -1.170833632349967957e-01 5.915659666061401367e-01 -3.866191580891609192e-02 -4.199104756116867065e-02 5.374021530151367188e-01 -4.638563394546508789e-01 1.779903769493103027e-01 1.372495442628860474e-01 4.135919809341430664e-01 1.010495275259017944e-01 -4.118258953094482422e-01 -5.474137514829635620e-02 -6.849362514913082123e-03 1.297670751810073853e-01 6.505607962608337402e-01 9.034712612628936768e-02 3.745274543762207031e-01 5.399817824363708496e-01 -1.807068884372711182e-01 -8.064814209938049316e-01 -4.926688373088836670e-01 3.262975811958312988e-01 5.483121611177921295e-03 2.120392620563507080e-01 -4.561668038368225098e-01 -1.543676555156707764e-01 3.658275604248046875e-01 -1.054314136505126953e+00 -9.713016450405120850e-02 -5.736177787184715271e-03 1.437187790870666504e-01 -1.001589894294738770e-01 1.674295365810394287e-01 -1.356829702854156494e-01 1.383647769689559937e-01 3.262253403663635254e-01 1.934337913990020752e-01 3.937840759754180908e-01 1.104274392127990723e-01 -9.371177852153778076e-02 -6.850073933601379395e-01 3.428735435009002686e-01 -6.430605053901672363e-02 1.312119662761688232e-01 -1.339942216873168945e-03 -1.565422713756561279e-01 9.893440455198287964e-02 -1.510184109210968018e-01 2.377790361642837524e-01 7.926325798034667969e-01 2.077777236700057983e-01 3.298965096473693848e-01 2.095222473144531250e-01 1.560841798782348633e-01 -4.599120318889617920e-01 -2.978732436895370483e-02 -1.022289320826530457e-01 -2.098065912723541260e-01 5.040118098258972168e-01 1.761053651571273804e-01 1.328828483819961548e-01 -2.640364170074462891e-01 -5.402194336056709290e-02 8.963797986507415771e-02 1.974214613437652588e-01 -5.899350643157958984e-01 2.108640037477016449e-02 3.825665414333343506e-01 -3.221372365951538086e-01 -1.467241197824478149e-01 5.522148013114929199e-01 3.250295519828796387e-01 -3.757728636264801025e-01 2.612100243568420410e-01 1.081509888172149658e-01 -3.616194725036621094e-01 -8.034213632345199585e-02 -3.722173869609832764e-01 6.045713424682617188e-01 -3.498374670743942261e-02 -2.177583277225494385e-01 -1.513539999723434448e-02 4.809933900833129883e-02 -1.144768595695495605e-01 2.292844653129577637e-01 -1.361217796802520752e-01 -4.488671422004699707e-01 -1.829112470149993896e-01 -3.176488578319549561e-01 6.961593031883239746e-02 3.172633051872253418e-01 7.413437962532043457e-02 -3.898107111454010010e-01 5.271030664443969727e-01 4.767645150423049927e-02 5.604948475956916809e-02 -1.451502442359924316e-01 2.534260153770446777e-01 2.066337466239929199e-01 -1.584316045045852661e-02 4.827541112899780273e-01 -1.001354932785034180e+00 -9.520225971937179565e-02 -5.138323828577995300e-02 8.300174959003925323e-03 -2.146918773651123047e-01 -9.180545061826705933e-02 -1.852073371410369873e-01 1.942818760871887207e-01 -3.441193699836730957e-01 -2.900682389736175537e-01 -1.738426089286804199e-01 -1.066370978951454163e-01 2.596142888069152832e-02 -1.939762830734252930e-01 4.232497215270996094e-01 4.469131827354431152e-01 5.068657398223876953e-01 3.300743922591209412e-02 1.515015512704849243e-01 1.565866619348526001e-01 -3.493763506412506104e-02 1.889394372701644897e-01 8.893735706806182861e-02 -2.011122554540634155e-01 -1.141391038894653320e+00 -8.251016736030578613e-01 -9.632644802331924438e-02 3.850594460964202881e-01 -5.612784028053283691e-01 -2.924562394618988037e-01 6.755121797323226929e-02 -7.129768282175064087e-02 1.437524408102035522e-01 2.561145126819610596e-01 3.434344232082366943e-01 -2.822296917438507080e-01 1.587946712970733643e-01 -9.361503273248672485e-02 1.472831964492797852e-01 4.855886101722717285e-01 1.959754899144172668e-02 -3.419299125671386719e-01 -9.690999239683151245e-02 4.324255585670471191e-01 1.563154160976409912e-01 6.334423422813415527e-01 -6.971762329339981079e-02 -1.611722260713577271e-01 2.487644404172897339e-01 -8.019068241119384766e-01 -1.075176224112510681e-01 -2.856925502419471741e-02 8.459654450416564941e-02 -4.852991700172424316e-01 2.014201432466506958e-01 3.409696817398071289e-01 -5.739623308181762695e-01 -4.638744518160820007e-02 -6.496904492378234863e-01 1.233696416020393372e-01 3.683063685894012451e-01 -4.056836962699890137e-01 -2.238289080560207367e-02 3.107851743698120117e-01 -3.178774416446685791e-01 -1.290578991174697876e-01 -1.204344704747200012e-01 6.336449086666107178e-02 1.955965459346771240e-01 1.205630451440811157e-01 -5.949802994728088379e-01 -1.541461646556854248e-01 1.742648929357528687e-01 -6.352054327726364136e-02 -4.693140983581542969e-01 -3.066455423831939697e-01 1.217523366212844849e-01 -7.585542798042297363e-01 -3.378109037876129150e-01 3.188263177871704102e-01 3.486586511135101318e-01 -6.202149391174316406e-02 1.888090521097183228e-01 2.924810945987701416e-01 2.034140825271606445e-01 4.259330928325653076e-01 3.580509722232818604e-01 9.643402695655822754e-02 3.327978551387786865e-01 -2.802062220871448517e-02 -1.340262413024902344e+00 -1.562118381261825562e-01 -3.351480066776275635e-01 -2.597799599170684814e-01 4.490874707698822021e-02 2.059250324964523315e-01 2.838220596313476562e-01 -4.375002682209014893e-01 -2.949787378311157227e-01 1.491293162107467651e-01 -8.859367668628692627e-02 -3.646304309368133545e-01 -3.125968575477600098e-01 -3.604520112276077271e-02 -3.148386180400848389e-01 4.953389614820480347e-02 -9.627531468868255615e-02 -4.843764007091522217e-01 -2.230911515653133392e-02 -1.520420312881469727e-01 6.152856945991516113e-01 -2.005202472209930420e-01 2.890821099281311035e-01 -2.597614228725433350e-01 3.238652646541595459e-02 3.721742331981658936e-01 -9.185363054275512695e-01 3.401431441307067871e-01 -2.547994852066040039e-01 3.771038651466369629e-01 -1.607750207185745239e-01 3.772603869438171387e-01 -1.263013780117034912e-01 -1.500924676656723022e-01 -2.216477394104003906e-01 2.876202166080474854e-01 -6.803367286920547485e-02 1.658243387937545776e-01 3.384365439414978027e-01 4.995016753673553467e-01 4.536925256252288818e-01 -2.441496849060058594e-01 -5.353364944458007812e-01 -5.383846163749694824e-01 2.157226204872131348e-01 8.961661905050277710e-02 3.122260570526123047e-01 8.137251436710357666e-02 1.610327064990997314e-01 1.506922245025634766e-01 1.735145300626754761e-01 3.310711383819580078e-01 1.927763968706130981e-02 -4.313845634460449219e-01 -2.048814147710800171e-01 1.833105981349945068e-01 -1.103037595748901367e-01 2.219453006982803345e-01 1.467786729335784912e-01 6.586530208587646484e-01 3.442954123020172119e-01 -1.719006896018981934e-01 1.191801652312278748e-01 3.879686892032623291e-01 -2.618713676929473877e-01 -1.590124964714050293e-01 3.689831793308258057e-01 2.030233144760131836e-01 -6.096894666552543640e-02 -2.364881783723831177e-01 4.971866905689239502e-01 2.929701469838619232e-03 -2.003602832555770874e-01 -7.586209475994110107e-02 -4.258521795272827148e-01 -1.462601125240325928e-01 2.456596940755844116e-01 -4.854991137981414795e-01 -5.863200128078460693e-02 -4.214950203895568848e-01 -7.888154685497283936e-02 1.618224680423736572e-01 -2.260355204343795776e-01 1.905538737773895264e-01 4.738988578319549561e-01 9.766376763582229614e-02 3.993079066276550293e-02 2.658213078975677490e-01 1.641496568918228149e-01 1.287677139043807983e-01 -3.087018430233001709e-01 4.589890241622924805e-01 5.638057589530944824e-01 1.186860352754592896e-01 1.639510542154312134e-01 -2.100693434476852417e-01 -3.177504837512969971e-01 -1.123948171734809875e-01 5.256994962692260742e-01 -3.581414520740509033e-01 3.103137016296386719e-01 8.018622174859046936e-03 -5.198948979377746582e-01 2.956314682960510254e-01 2.929442524909973145e-01 -4.729404747486114502e-01 4.260389804840087891e-01 7.428485751152038574e-01 4.442911446094512939e-01 1.972209513187408447e-01 1.094777464866638184e+00 1.758997291326522827e-01 1.354853622615337372e-02 -2.721230089664459229e-01 3.145848810672760010e-01 2.127279341220855713e-01 -6.281613707542419434e-01 -5.054824352264404297e-01 1.570083051919937134e-01 -2.536255419254302979e-01 1.333680842071771622e-02 2.236306816339492798e-01 5.541845411062240601e-02 -2.292352169752120972e-01 5.007053613662719727e-01 1.903209835290908813e-03 -1.057147145271301270e+00 -5.008724927902221680e-01 5.416150093078613281e-01 3.374063074588775635e-01 2.090543210506439209e-01 -7.021225243806838989e-02 2.806995213031768799e-01 5.289902091026306152e-01 4.322060942649841309e-02 -2.689627408981323242e-01 1.462155729532241821e-01 4.768826663494110107e-01 -3.399131894111633301e-01 3.732869029045104980e-02 2.765837125480175018e-02 6.595603823661804199e-01 -6.441737711429595947e-02 -5.052681080996990204e-03 2.472555637359619141e-01 4.481462761759757996e-02 4.174645058810710907e-03 1.558507680892944336e-01 -3.223567605018615723e-01 -5.912715792655944824e-01 7.807697057723999023e-01 -5.646055191755294800e-02 9.683407843112945557e-02 3.496161103248596191e-01 3.637485206127166748e-02 3.929968178272247314e-01 -9.760444164276123047e-01 -4.723194837570190430e-01 1.560814380645751953e-01 6.427641510963439941e-01 3.045705892145633698e-02 -3.651493191719055176e-01 -2.896069176495075226e-02 -1.065339967608451843e-01 -5.027120560407638550e-02 -6.299932003021240234e-01 5.558838695287704468e-02 2.639953792095184326e-01 -1.758856773376464844e-01 -1.243978962302207947e-01 -1.150773018598556519e-01 -5.102235078811645508e-01 2.845500707626342773e-01 2.911532819271087646e-01 2.660227119922637939e-01 3.752163350582122803e-01 4.565750360488891602e-01 -2.856036424636840820e-01 -4.246535897254943848e-01 2.793865799903869629e-01 1.915033608675003052e-01 6.040435433387756348e-01 3.366082012653350830e-01 6.984478235244750977e-01 -2.444034069776535034e-01 -2.671392261981964111e-01 6.148243695497512817e-02 -2.885251641273498535e-01 -4.645828008651733398e-01 6.744185686111450195e-01 7.206718623638153076e-02 -5.188951492309570312e-01 -1.951379626989364624e-01 -8.223957419395446777e-01 8.964801579713821411e-02 5.696654319763183594e-02 2.840935997664928436e-02 1.403909735381603241e-02 1.123743057250976562e-01 -4.330237507820129395e-01 7.189447432756423950e-02 -7.136722803115844727e-01 -1.100199371576309204e-01 -2.248101867735385895e-02 3.114867508411407471e-01 -7.730730175971984863e-01 -3.477410972118377686e-01 -9.854369610548019409e-02 4.708907306194305420e-01 -4.634695649147033691e-01 6.546891331672668457e-01 3.557901829481124878e-02 2.041585743427276611e-01 3.658379912376403809e-01 1.934996247291564941e-01 -5.392622351646423340e-01 4.811059683561325073e-02 5.432863906025886536e-02 2.200465053319931030e-01 2.420778870582580566e-01 -4.122557938098907471e-01 -1.547397673130035400e-01 2.068613320589065552e-01 7.067468017339706421e-02 -4.552514851093292236e-02 -2.870695590972900391e-01 4.439665377140045166e-02 2.461062520742416382e-01 9.262417256832122803e-02 1.374540328979492188e-01 3.802480921149253845e-02 -2.547937333583831787e-01 -3.786395788192749023e-01 3.741144239902496338e-01 -6.547496318817138672e-01 1.677418351173400879e-01 3.113126754760742188e-01 1.634011268615722656e-01 -3.604168891906738281e-01 -6.794175505638122559e-02 1.408985108137130737e-01 5.268545076251029968e-02 1.393162906169891357e-01 1.744708567857742310e-01 -3.713671267032623291e-01 -3.660895824432373047e-01 4.881677031517028809e-01 -6.296752095222473145e-01 -8.732681721448898315e-02 1.663827523589134216e-02 -8.130559325218200684e-02 -1.169151067733764648e-01 2.876536548137664795e-01 4.424635767936706543e-01 2.705360352993011475e-01 5.520409718155860901e-02 3.688311874866485596e-01 3.373475074768066406e-01 2.805019319057464600e-01 2.732286453247070312e-01 4.955274164676666260e-01 3.788233697414398193e-01 9.164943546056747437e-02 -1.706205308437347412e-02 4.421822726726531982e-01 -7.768467813730239868e-02 -2.080510705709457397e-01 -2.088348120450973511e-01 -2.286675572395324707e-01 3.208169341087341309e-01 -1.014015898108482361e-01 -3.608746826648712158e-02 -2.680268138647079468e-03 6.234065890312194824e-01 -3.265078961849212646e-01 2.521713376045227051e-01 6.893640756607055664e-02 3.436430990695953369e-01 -4.763906002044677734e-01 -1.318668760359287262e-02 -1.890130639076232910e-01 -5.442693233489990234e-01 -2.007816135883331299e-01 1.573071181774139404e-01 2.906605005264282227e-01 -1.272520422935485840e-01 -2.396168373525142670e-02 -2.573865950107574463e-01 -7.582446932792663574e-02 -1.210522174835205078e+00 1.053391396999359131e-01 -5.910313725471496582e-01 6.338502168655395508e-01 5.744210481643676758e-01 3.962583243846893311e-01 3.481356799602508545e-01 -1.004514619708061218e-01 -9.438911825418472290e-02 -4.185253679752349854e-01 -1.077179387211799622e-01 4.924093484878540039e-01 1.415966600179672241e-01 4.449579864740371704e-03 -5.858350396156311035e-01 -2.700856626033782959e-01 3.384904265403747559e-01 4.962095618247985840e-01 1.616600006818771362e-01 -8.850130438804626465e-01 1.317781656980514526e-01 -6.982558220624923706e-02 2.662128806114196777e-01 -5.390111804008483887e-01 5.948804616928100586e-01 1.857513561844825745e-02 -1.590773649513721466e-02 4.838690459728240967e-01 4.497650861740112305e-01 5.485124886035919189e-02 -1.560400128364562988e-01 8.767597675323486328e-01 -5.668345689773559570e-01 -2.810685932636260986e-01 7.096666693687438965e-01 1.173258200287818909e-01 -2.274280488491058350e-01 4.239393770694732666e-01 3.451614081859588623e-01 -1.117025911808013916e-01 9.289185702800750732e-02 -8.953434973955154419e-02 1.382302641868591309e-01 1.175623089075088501e-01 -1.024929583072662354e-01 -4.220863580703735352e-01 1.179378330707550049e-01 2.456224560737609863e-01 -3.247618973255157471e-01 1.551855914294719696e-02 3.333680033683776855e-01 2.925299406051635742e-01 -4.285493865609169006e-02 3.642636910080909729e-02 6.081272289156913757e-02 -7.277469635009765625e-01 1.679766327142715454e-01 1.663400828838348389e-01 -2.809685170650482178e-01 9.604584425687789917e-02 1.290292292833328247e-01 1.116170585155487061e-01 1.791730523109436035e-01 3.715762197971343994e-01 -7.723392248153686523e-01 7.739152908325195312e-01 8.660019189119338989e-02 3.960078358650207520e-01 4.253599345684051514e-01 4.261192679405212402e-01 -6.638645529747009277e-01 -3.183213770389556885e-01 2.635623812675476074e-01 6.051475405693054199e-01 -1.234397590160369873e-01 4.637979865074157715e-01 -1.064318194985389709e-01 -6.018551811575889587e-02 -2.217603027820587158e-01 2.005015462636947632e-01 -1.188221499323844910e-01 -1.699314713478088379e-01 6.155757904052734375e-01 -1.131247580051422119e-01 3.084891289472579956e-02 3.276623785495758057e-01 4.190712273120880127e-01 2.449001520872116089e-01 5.354988388717174530e-03 2.833122909069061279e-01 -2.515943944454193115e-01 -1.470176875591278076e-01 -6.531955599784851074e-01 -1.463075578212738037e-01 -4.160488545894622803e-01 2.151726931333541870e-01 5.030417442321777344e-02 -3.540345430374145508e-01 2.029415406286716461e-02 -6.226944923400878906e-01 2.384016364812850952e-01 5.231453850865364075e-02 3.062673211097717285e-01 -1.915230751037597656e-01 1.967718303203582764e-01 1.569457948207855225e-01 -3.034257292747497559e-01 2.794930338859558105e-01 -1.675226241350173950e-01 -3.464667499065399170e-01 -4.174565374851226807e-01 5.709431171417236328e-01 5.842781811952590942e-02 1.440269052982330322e-01 2.901732623577117920e-01 2.540635466575622559e-01 -6.093438863754272461e-01 -2.953441143035888672e-01 4.532896280288696289e-01 -1.165166944265365601e-01 -4.834645390510559082e-01 2.573243342339992523e-02 -6.698571145534515381e-02 9.804311394691467285e-02 1.689486354589462280e-01 4.283885061740875244e-01 5.054363012313842773e-01 4.204024672508239746e-01 9.029959887266159058e-02 3.196352422237396240e-01 4.484632313251495361e-01 1.930467784404754639e-01 3.233844637870788574e-01 4.476975277066230774e-02 6.527523696422576904e-02 -1.102782711386680603e-01 -7.316394150257110596e-02 -3.942302986979484558e-02 -5.260309949517250061e-02 1.313469558954238892e-01 -2.778208255767822266e-01 -2.069514840841293335e-01 1.106122583150863647e-01 1.878015100955963135e-01 1.033264491707086563e-02 -6.282823085784912109e-01 4.249467253684997559e-01 6.646937131881713867e-01 2.530688941478729248e-01 2.240672409534454346e-01 6.116101890802383423e-02 4.075053334236145020e-01 1.179770976305007935e-01 2.263567298650741577e-01 -2.333375960588455200e-01 1.106738075613975525e-01 1.714506596326828003e-01 3.005317449569702148e-01 4.478790760040283203e-01 1.903893351554870605e-01 3.162017166614532471e-01 -1.959975212812423706e-01 -3.513289093971252441e-01 2.496723979711532593e-01 3.070135414600372314e-01 2.859552502632141113e-01 1.616065651178359985e-01 3.900583982467651367e-01 -2.919535040855407715e-01 7.695583999156951904e-02 -1.309473872184753418e+00 -1.012713834643363953e-01 2.341833859682083130e-01 -8.266381621360778809e-01 3.996332287788391113e-01 2.710248231887817383e-01 3.060452938079833984e-01 1.529238522052764893e-01 1.924499683082103729e-02 2.620867192745208740e-01 3.668237477540969849e-02 -2.495734244585037231e-01 1.452274769544601440e-01 3.113817572593688965e-01 1.658124625682830811e-01 1.944201141595840454e-01 2.459140717983245850e-01 -1.416214704513549805e-01 -1.428510695695877075e-01 1.325382888317108154e-01 -3.781407177448272705e-01 3.708144277334213257e-02 6.677639484405517578e-02 -2.446731626987457275e-01 1.316950619220733643e-01 1.023194938898086548e-02 1.264266371726989746e-01 -3.064180910587310791e-01 3.797500133514404297e-01 -1.285481452941894531e-01 -6.452838182449340820e-01 1.881396621465682983e-01 -6.563712358474731445e-01 -6.559667587280273438e-01 6.034628022462129593e-03 -4.746541008353233337e-02 -2.215590141713619232e-02 -3.678129017353057861e-01 2.503700256347656250e-01 4.533885791897773743e-02 2.352003008127212524e-01 1.337379366159439087e-01 -1.768847256898880005e-01 2.751998901367187500e-01 1.756167113780975342e-01 -1.291508078575134277e-01 3.091257512569427490e-01 -2.298390120267868042e-01 -3.858940005302429199e-01 2.377141639590263367e-02 1.099280342459678650e-01 2.987584471702575684e-01 2.401763200759887695e-01 2.615829706192016602e-01 1.517886370420455933e-01 -5.105665922164916992e-01 4.635531306266784668e-01 7.288871407508850098e-01 3.201406896114349365e-01 4.410344064235687256e-01 4.004089236259460449e-01 -1.547020375728607178e-01 -1.363115161657333374e-01 1.460566222667694092e-01 -4.688185155391693115e-01 9.833402931690216064e-02 3.889290392398834229e-01 1.454505324363708496e-01 2.455331981182098389e-01 3.239323496818542480e-01 5.572432279586791992e-01 -1.178348362445831299e-01 1.856971830129623413e-01 2.523145675659179688e-01 1.608719527721405029e-01 -4.382941871881484985e-02 2.813943326473236084e-01 -3.239635378122329712e-02 -5.400795340538024902e-01 5.658046901226043701e-02 8.575598150491714478e-02 -4.801837205886840820e-01 -1.979637891054153442e-01 -1.178444251418113708e-01 -2.578653991222381592e-01 -4.935868978500366211e-01 3.579010665416717529e-01 -3.546186685562133789e-01 -5.334741622209548950e-02 3.586602210998535156e-01 1.632096618413925171e-01 3.055056929588317871e-01 1.849553883075714111e-01 -3.058620095252990723e-01 -6.908517479896545410e-01 5.247154235839843750e-01 5.733743906021118164e-01 -1.676956415176391602e+00 -9.828247129917144775e-06 -9.342619031667709351e-02 -5.501442588865756989e-03 -2.276654243469238281e-01 2.407770156860351562e-01 -4.998187124729156494e-01 5.728315114974975586e-01 8.508200943470001221e-02 5.915327072143554688e-01 -1.422409117221832275e-01 3.901469111442565918e-01 5.953272804617881775e-02 -4.851932823657989502e-01 -5.018013715744018555e-01 2.043090164661407471e-01 3.113824725151062012e-01 1.610451042652130127e-01 1.272031664848327637e-02 -5.430306196212768555e-01 5.284742712974548340e-01 -1.354877501726150513e-01 1.234184950590133667e-01 -1.043154224753379822e-01 -6.158835068345069885e-02 -6.016036868095397949e-02 3.067356944084167480e-01 -9.546440094709396362e-02 9.286395460367202759e-02 -1.164418458938598633e+00 4.817843735218048096e-01 5.837477445602416992e-01 8.691294491291046143e-02 5.029228329658508301e-01 2.921350300312042236e-01 3.059490323066711426e-01 -6.199851632118225098e-01 3.390244543552398682e-01 -3.712809830904006958e-02 6.254108250141143799e-02 -7.305545210838317871e-01 2.900328040122985840e-01 1.850444674491882324e-01 1.879313588142395020e-02 4.299632012844085693e-01 4.638199806213378906e-01 5.585207939147949219e-01 3.528202176094055176e-01 1.316569894552230835e-01 2.992129325866699219e-02 9.458538144826889038e-02 3.802092075347900391e-01 6.066996604204177856e-03 2.852959632873535156e-01 1.931903660297393799e-01 5.041151642799377441e-01 -1.765272021293640137e-01 -6.720699667930603027e-01 2.341054938733577728e-02 8.809801191091537476e-02 5.207602977752685547e-01 -1.662376075983047485e-01 -2.727490067481994629e-01 -5.893505811691284180e-01 8.112867176532745361e-02 -5.035314336419105530e-02 -1.052234023809432983e-01 2.037379145622253418e-01 2.496996521949768066e-01 2.815693318843841553e-01 -3.168550878763198853e-02 4.254907071590423584e-01 1.894797533750534058e-01 5.853056311607360840e-01 -1.246517181396484375e+00 2.031363844871520996e-01 4.778179824352264404e-01 -2.851558327674865723e-01 -1.439701020717620850e-01 2.026451230049133301e-01 3.125132918357849121e-01 3.858517408370971680e-01 9.773759543895721436e-02 -3.083361089229583740e-01 3.317694365978240967e-01 1.332033518701791763e-02 -6.022850051522254944e-02 -1.548105239868164062e+00 5.173091888427734375e-01 -1.050428003072738647e-01 -2.301081269979476929e-01 -8.431495167315006256e-03 2.204393744468688965e-01 2.249943464994430542e-01 -3.625989332795143127e-02 -9.148998558521270752e-02 6.382241845130920410e-01 2.599770128726959229e-01 -7.793062329292297363e-01 3.426718115806579590e-01 1.490266025066375732e-01 -3.887301385402679443e-01 -3.361616283655166626e-02 -2.143297344446182251e-02 -5.277031660079956055e-01 7.033816725015640259e-02 2.344877719879150391e-01 2.060774713754653931e-01 1.975411325693130493e-01 4.299012422561645508e-01 2.499929964542388916e-01 -8.993333205580711365e-03 -5.439557880163192749e-02 5.147108435630798340e-01 -3.911714255809783936e-01 4.061449170112609863e-01 3.512358069419860840e-01 -1.572605967521667480e+00 -1.041986942291259766e-01 2.194151729345321655e-01 -3.470054566860198975e-01 -1.917096599936485291e-02 -2.451997399330139160e-01 -1.457462608814239502e-01 3.184507414698600769e-02 2.751052975654602051e-01 3.712883591651916504e-01 -3.226295411586761475e-01 -3.186878189444541931e-02 -6.768929362297058105e-01 3.278621435165405273e-01 -7.524598389863967896e-02 -2.743391692638397217e-01 4.997505247592926025e-01 -1.402136981487274170e-01 -7.478933036327362061e-02 2.018066793680191040e-01 2.212136834859848022e-01 -7.501008510589599609e-01 3.968681395053863525e-02 3.823374509811401367e-01 4.142289459705352783e-01 -2.503741383552551270e-01 2.778713405132293701e-01 4.401174187660217285e-01 -7.474236190319061279e-02 3.992964923381805420e-01 4.334180057048797607e-01 -3.550918698310852051e-01 -1.998283565044403076e-01 -1.439434289932250977e-01 -1.133046075701713562e-01 5.610691905021667480e-01 1.860769689083099365e-01 2.384895682334899902e-01 -6.704012304544448853e-02 2.134425342082977295e-01 -3.450976908206939697e-01 2.952826321125030518e-01 1.541714519262313843e-01 1.206236407160758972e-01 -2.332391291856765747e-01 5.658186972141265869e-03 3.964802920818328857e-01 5.798057913780212402e-01 -6.681945919990539551e-01 2.289956957101821899e-01 -5.645844936370849609e-01 4.952868819236755371e-01 1.105494871735572815e-01 1.580779254436492920e-01 3.769601583480834961e-01 3.548294901847839355e-01 1.169083714485168457e-01 -2.240939885377883911e-01 8.201380819082260132e-02 -1.837520152330398560e-01 -1.121047064661979675e-01 4.151571169495582581e-02 1.943072825670242310e-01 -5.408800244331359863e-01 1.946481913328170776e-01 3.190676867961883545e-01 4.365725517272949219e-01 3.252979815006256104e-01 2.368996888399124146e-01 2.348670810461044312e-01 3.736223280429840088e-01 -5.327408909797668457e-01 6.366690993309020996e-02 2.511241436004638672e-01 5.821446329355239868e-02 -8.203037381172180176e-01 -6.483565568923950195e-01 -1.990551352500915527e-01 3.712543845176696777e-01 5.081036686897277832e-01 -1.668409407138824463e-01 1.295100301504135132e-01 8.056215941905975342e-02 2.561319768428802490e-01 -2.456125468015670776e-01 1.376176327466964722e-01 -1.998502016067504883e-01 -4.715035855770111084e-01 3.461509644985198975e-01 -1.313752979040145874e-01 -2.657448649406433105e-01 2.083945646882057190e-02 8.787950128316879272e-02 5.249729007482528687e-02 -1.642071008682250977e-01 3.930497765541076660e-01 1.997848451137542725e-01 -2.870697975158691406e-01 -1.364427953958511353e-01 2.541388571262359619e-01 -4.231048226356506348e-01 -5.354779958724975586e-01 1.924771368503570557e-01 3.193516731262207031e-01 -5.241283178329467773e-01 -4.081019759178161621e-02 -2.335497587919235229e-01 6.585390567779541016e-01 -2.639679312705993652e-01 3.571852445602416992e-01 3.509196937084197998e-01 -6.422570347785949707e-01 -4.770937189459800720e-02 -2.305949032306671143e-01 1.631961315870285034e-01 4.368942379951477051e-01 1.851495355367660522e-01 -1.172246932983398438e-01 -7.241130471229553223e-01 2.604853808879852295e-01 -3.116931617259979248e-01 3.367364406585693359e-01 -1.747389584779739380e-01 7.245135903358459473e-01 -2.162460982799530029e-01 -1.106898933649063110e-01 -9.812023490667343140e-02 -7.465897202491760254e-01 1.335397828370332718e-02 -1.799009144306182861e-01 -3.601178526878356934e-02 -5.628252029418945312e-01 9.499874711036682129e-02 -2.453283369541168213e-01 -7.469857335090637207e-01 -3.911413252353668213e-01 -2.167044132947921753e-01 6.568962335586547852e-01 3.397836387157440186e-01 1.324039250612258911e-01 8.439561352133750916e-03 -5.095825195312500000e-01 1.842861324548721313e-01 -3.415427505970001221e-01 -2.010958939790725708e-01 1.374884396791458130e-01 1.813472807407379150e-01 4.465068504214286804e-02 -9.600150585174560547e-02 -9.299907684326171875e-01 -3.835916519165039062e-01 -2.245539277791976929e-01 -1.082090511918067932e-01 1.090362221002578735e-01 2.208692282438278198e-01 3.199682235717773438e-01 3.870848119258880615e-01 -1.246831178665161133e+00 -8.643308281898498535e-02 -2.035215944051742554e-01 7.261645793914794922e-02 5.142717361450195312e-01 -1.701168417930603027e-01 -4.208690226078033447e-01 1.504095345735549927e-01 -2.247177213430404663e-01 1.167460083961486816e-01 3.189920783042907715e-01 6.311035752296447754e-01 -2.109697461128234863e-01 -6.166385412216186523e-01 1.033967286348342896e-01 -4.718466401100158691e-01 -3.281713724136352539e-01 3.261793851852416992e-01 -7.225477099418640137e-01 -1.009832143783569336e+00 -2.240905463695526123e-01 -6.532494425773620605e-01 -2.337740361690521240e-02 9.295307099819183350e-02 -8.814285695552825928e-02 2.169221639633178711e-01 -5.454066991806030273e-01 -1.062355339527130127e-01 4.236451163887977600e-02 3.910057544708251953e-01 1.475533992052078247e-01 2.544519305229187012e-01 -1.501443088054656982e-01 -3.644188940525054932e-01 1.262139827013015747e-01 3.237704038619995117e-01 5.240913033485412598e-01 2.869047224521636963e-01 3.225625455379486084e-01 4.193564951419830322e-01 -1.258445382118225098e+00 2.288956046104431152e-01 -3.163873553276062012e-01 4.849036037921905518e-01 -5.861990451812744141e-01 -3.795857354998588562e-02 -1.259352564811706543e-01 1.480310410261154175e-01 -1.823763698339462280e-01 -2.416220754384994507e-01 -1.247311085462570190e-01 -1.103862449526786804e-01 -1.774762570858001709e-01 -6.986524909734725952e-02 5.808154344558715820e-01 1.306953579187393188e-01 2.356687746942043304e-02 -5.979562550783157349e-02 -5.503319501876831055e-01 1.703132390975952148e-01 -1.459978669881820679e-01 -7.238088548183441162e-02 -2.966660819947719574e-02 -1.224274858832359314e-01 -9.744119644165039062e-02 5.317575931549072266e-01 9.306462109088897705e-02 1.932973116636276245e-01 -2.537183463573455811e-04 -3.727160096168518066e-01 -1.138627767562866211e+00 4.031909108161926270e-01 3.036593794822692871e-01 2.468196153640747070e-01 -8.328648209571838379e-01 -3.236749470233917236e-01 7.793606519699096680e-01 -4.599922336637973785e-03 4.868597537279129028e-02 -3.601644039154052734e-01 -1.666125059127807617e-01 2.535730600357055664e-03 -5.627175569534301758e-01 -1.332459896802902222e-01 -2.284193783998489380e-01 4.169874787330627441e-01 1.465346813201904297e-01 1.860112845897674561e-01 1.241297498345375061e-01 6.753149032592773438e-01 -4.797759354114532471e-01 6.149685382843017578e-01 -3.759692907333374023e-01 -3.177010118961334229e-01 2.793580293655395508e-01 -3.793430700898170471e-02 -4.680657684803009033e-01 -5.161212757229804993e-03 2.730643451213836670e-01 -7.395357489585876465e-01 4.682287573814392090e-02 -2.173815295100212097e-02 -1.427564024925231934e-01 1.917630434036254883e-01 -6.552065610885620117e-01 -2.105869650840759277e-01 -4.531393051147460938e-01 1.100691109895706177e-01 5.045177340507507324e-01 8.459787815809249878e-02 1.568139493465423584e-01 -1.795193552970886230e-01 -1.752495169639587402e-01 -7.886745035648345947e-02 -4.230130463838577271e-02 3.757762908935546875e-01 -1.653974503278732300e-02 -1.201939210295677185e-01 -4.566467404365539551e-01 -7.042711973190307617e-01 2.687428593635559082e-01 -1.839007139205932617e-01 -8.467584103345870972e-02 3.834544122219085693e-01 5.198067426681518555e-01 -4.994579255580902100e-01 -2.417311668395996094e-01 1.528091579675674438e-01 5.715283155441284180e-01 2.651144564151763916e-01 2.083276361227035522e-01 1.040169522166252136e-01 1.349580138921737671e-01 3.399849534034729004e-01 -2.150075323879718781e-02 1.433087289333343506e-01 5.004619359970092773e-01 2.763082683086395264e-01 1.697530597448348999e-01 -2.214101701974868774e-01 -2.663915455341339111e-01 4.152150452136993408e-01 -2.755174338817596436e-01 -5.375088453292846680e-01 6.975139379501342773e-01 -2.523684501647949219e-01 -3.060236871242523193e-01 2.566280066967010498e-01 -5.640199780464172363e-01 -3.850956261157989502e-01 1.737280040979385376e-01 3.668408989906311035e-01 2.896415293216705322e-01 1.716223061084747314e-01 5.355132371187210083e-02 4.283019304275512695e-01 -5.070253014564514160e-01 -9.920489042997360229e-03 4.458530545234680176e-01 1.843934506177902222e-01 -1.171659976243972778e-01 -9.422286152839660645e-01 7.035458087921142578e-01 3.208124041557312012e-01 -2.283960282802581787e-01 6.693115830421447754e-01 1.145806685090065002e-01 1.103210449218750000e-01 3.691776692867279053e-01 -9.679515846073627472e-03 -2.103507518768310547e-01 2.682030797004699707e-01 4.970073699951171875e-02 2.074203640222549438e-01 2.787396311759948730e-03 -2.843998372554779053e-03 -5.968001484870910645e-02 3.964392840862274170e-01 -8.358641713857650757e-02 -3.871117830276489258e-01 -4.616801142692565918e-01 -3.502218797802925110e-02 5.461796373128890991e-02 -2.909796126186847687e-02 -1.638294309377670288e-01 2.720119655132293701e-01 -3.523252308368682861e-01 9.368106722831726074e-02 7.252097874879837036e-02 -6.569387912750244141e-01 -1.589398086071014404e-02 -1.643142551183700562e-01 3.598836660385131836e-01 -9.070296585559844971e-02 1.036827415227890015e-01 2.452830672264099121e-01 -2.751670777797698975e-01 6.014327406883239746e-01 -3.187016546726226807e-01 1.748329550027847290e-01 -2.666100561618804932e-01 -9.614313393831253052e-02 -2.810276448726654053e-01 -2.112144231796264648e-01 -2.784211933612823486e-02 6.326780319213867188e-01 5.051174163818359375e-01 -5.159050971269607544e-02 1.989193856716156006e-01 -1.018493250012397766e-01 1.444758102297782898e-02 -2.783548235893249512e-01 1.870476603507995605e-01 1.857436075806617737e-02 -3.290188312530517578e-01 2.716756761074066162e-01 1.181500703096389771e-01 -2.306189090013504028e-01 -6.347239017486572266e-01 1.052511036396026611e-01 1.726812869310379028e-01 3.303662836551666260e-01 -6.145900487899780273e-02 -5.190330743789672852e-02 6.877486705780029297e-01 1.407905668020248413e-01 -2.876749634742736816e-01 -4.851868748664855957e-01 -2.229138314723968506e-01 1.392102688550949097e-01 1.782292127609252930e-01 5.951667949557304382e-02 -3.149816393852233887e-01 -5.400663018226623535e-01 -3.969275057315826416e-01 5.363229513168334961e-01 -3.323452770709991455e-01 6.310306489467620850e-02 6.931442767381668091e-03 4.390863478183746338e-01 1.844666302204132080e-01 1.793827414512634277e-01 -3.439420461654663086e-01 -3.629472553730010986e-01 1.236418634653091431e-01 -3.107076287269592285e-01 4.833217859268188477e-01 -1.727309226989746094e-01 -4.924578070640563965e-01 -3.671377897262573242e-01 -6.095939874649047852e-02 -4.374545216560363770e-01 -7.910925745964050293e-01 2.365641146898269653e-01 -4.403870403766632080e-01 3.827502727508544922e-01 -8.094228506088256836e-01 3.641226887702941895e-01 -1.607916951179504395e-01 -5.612159967422485352e-01 1.411247253417968750e-01 -5.524263903498649597e-02 -4.380173087120056152e-01 4.133924841880798340e-03 5.377225279808044434e-01 2.075866796076297760e-02 -1.318736374378204346e-01 3.914690017700195312e-01 -2.093476355075836182e-01 -4.005058705806732178e-01 1.242172047495841980e-01 -3.648484945297241211e-01 1.044702976942062378e-01 8.614483475685119629e-02 3.170027434825897217e-01 4.145492911338806152e-01 2.550158798694610596e-01 1.753417551517486572e-01 2.342155128717422485e-01 2.735350131988525391e-01 4.905328527092933655e-02 -7.470198720693588257e-02 -4.111323952674865723e-01 7.604742646217346191e-01 -2.621246874332427979e-01 -1.393453836441040039e+00 3.184117078781127930e-01 -6.114841699600219727e-01 -7.251244783401489258e-02 -1.045047119259834290e-01 -5.486825704574584961e-01 -2.046847045421600342e-01 -9.425869584083557129e-02 -7.740999013185501099e-02 6.377609074115753174e-02 2.596258819103240967e-01 -4.311056435108184814e-02 1.484762430191040039e-01 -1.894762963056564331e-01 5.304280519485473633e-01 -9.895684123039245605e-01 4.461586475372314453e-01 -1.077461242675781250e-01 -5.010164901614189148e-02 -1.750759184360504150e-01 -6.022820249199867249e-03 -3.059378862380981445e-01 -2.355728745460510254e-01 6.477043032646179199e-02 1.001659780740737915e-01 -1.997236162424087524e-01 6.593210250139236450e-02 3.037292659282684326e-01 1.796365827322006226e-01 8.364970795810222626e-03 4.734675586223602295e-01 1.543899532407522202e-02 1.634571105241775513e-01 2.276691794395446777e-01 -4.222852587699890137e-01 1.918033063411712646e-01 -2.943513989448547363e-01 2.550994753837585449e-01 5.229851603507995605e-02 1.752894073724746704e-01 5.071166753768920898e-01 3.779648244380950928e-02 9.885748624801635742e-01 4.567680656909942627e-01 1.200724393129348755e-01 -1.136427819728851318e-01 -5.142959952354431152e-01 1.134436577558517456e-01 4.945372641086578369e-01 -8.306159079074859619e-02 6.158799529075622559e-01 -2.941414415836334229e-01 1.335109323263168335e-01 -2.284441590309143066e-01 -3.742395937442779541e-01 -1.144591689109802246e+00 3.991428017616271973e-01 2.504239045083522797e-02 2.886355817317962646e-01 3.601830303668975830e-01 5.119846463203430176e-01 -4.297661781311035156e-02 2.620515823364257812e-01 2.486743628978729248e-01 -5.850237011909484863e-01 1.620183140039443970e-02 1.194859445095062256e-01 -3.628240227699279785e-01 -4.761404693126678467e-01 4.841653108596801758e-01 -3.705971240997314453e-01 4.781739711761474609e-01 5.927589535713195801e-02 -4.857263863086700439e-01 1.693817973136901855e-01 2.451879531145095825e-01 -5.848383903503417969e-01 -2.541657090187072754e-01 7.129001617431640625e-02 2.926127314567565918e-01 -5.025290250778198242e-01 1.383474469184875488e-01 3.063848316669464111e-01 3.434803485870361328e-01 2.008161544799804688e-01 2.758920192718505859e-01 -1.909963600337505341e-02 -3.988791704177856445e-01 -3.300518691539764404e-01 -2.336657606065273285e-02 1.292249858379364014e-01 2.535098791122436523e-01 1.787694692611694336e-01 -2.199265360832214355e-01 -1.185903787612915039e+00 1.750407814979553223e-01 8.987845182418823242e-01 6.647748351097106934e-01 -3.417716324329376221e-01 5.621943473815917969e-01 -1.634084433317184448e-01 -3.496726751327514648e-01 -1.207927986979484558e-02 2.011730819940567017e-01 -2.912801802158355713e-01 5.241922289133071899e-02 4.071492552757263184e-01 1.540939090773463249e-03 -9.055218100547790527e-01 4.381361305713653564e-01 -6.272405385971069336e-02 1.974297016859054565e-01 5.653668642044067383e-01 6.537424772977828979e-02 -2.197788059711456299e-01 4.140858352184295654e-01 -1.910222023725509644e-01 -1.239862442016601562e+00 3.338110744953155518e-01 6.124979257583618164e-01 -1.443160921335220337e-01 -1.128322407603263855e-01 2.356495112180709839e-01 2.885803282260894775e-01 5.261952430009841919e-02 -1.228777542710304260e-01 3.785431981086730957e-01 1.704117953777313232e-01 -2.463095486164093018e-01 6.567992269992828369e-02 -1.493616700172424316e-01 1.937738955020904541e-01 2.477263957262039185e-01 -1.559098660945892334e-01 9.977068752050399780e-02 1.681025028228759766e-01 5.000330042093992233e-03 -8.808146119117736816e-01 1.863929182291030884e-01 -4.528651535511016846e-01 1.492282301187515259e-01 2.822984158992767334e-01 -1.003611922264099121e+00 2.562856078147888184e-01 9.163367003202438354e-02 1.660338789224624634e-01 -3.077946305274963379e-01 -5.403808951377868652e-01 -1.068042293190956116e-01 2.592288330197334290e-02 3.022295795381069183e-02 -7.023632526397705078e-02 -3.318555653095245361e-03 -5.272864103317260742e-01 -6.385481357574462891e-02 -1.065793633460998535e-01 2.932467162609100342e-01 8.105883747339248657e-02 -3.226570412516593933e-02 3.989646136760711670e-01 -1.451279129832983017e-02 -7.954156398773193359e-01 -4.006127119064331055e-01 -5.252076387405395508e-01 2.853453159332275391e-01 8.684083074331283569e-02 2.141630053520202637e-01 9.190502762794494629e-02 6.913910806179046631e-02 4.107522964477539062e-01 -2.596706449985504150e-01 1.415690779685974121e-01 -3.300183117389678955e-01 -2.154116332530975342e-01 1.233186423778533936e-01 4.472006559371948242e-01 1.415570527315139771e-01 -6.666030287742614746e-01 1.806170195341110229e-01 -3.730373680591583252e-01 1.184760592877864838e-03 1.418401151895523071e-01 -7.095508277416229248e-02 2.995307929813861847e-02 1.008807215839624405e-02 -2.894237935543060303e-01 -7.810561060905456543e-01 1.279942840337753296e-01 2.718198299407958984e-01 2.293287217617034912e-01 -1.308369338512420654e-01 1.593951582908630371e-01 4.657690227031707764e-01 2.479034215211868286e-01 3.842419385910034180e-01 -1.371580809354782104e-01 -7.384115457534790039e-02 2.947168424725532532e-03 1.808279007673263550e-01 -3.415002226829528809e-01 5.744121670722961426e-01 -3.541260361671447754e-01 -6.350801885128021240e-02 3.214846551418304443e-01 3.538849353790283203e-01 -1.086439117789268494e-01 -2.015579789876937866e-01 5.781037211418151855e-01 -3.702762722969055176e-01 8.213455229997634888e-02 -4.723151624202728271e-01 1.256421953439712524e-01 -7.298443913459777832e-01 4.327857494354248047e-01 2.270858734846115112e-01 -6.241027712821960449e-01 2.773764133453369141e-01 9.118323922157287598e-01 2.261353731155395508e-01 2.640661597251892090e-01 -1.077047809958457947e-01 5.876936316490173340e-01 -2.673088312149047852e-01 2.998785674571990967e-01 7.452557682991027832e-01 8.093287944793701172e-01 3.655281066894531250e-01 -8.325467258691787720e-02 3.140665292739868164e-01 -2.455523014068603516e-01 -2.645663917064666748e-01 -1.243731752038002014e-02 3.812519609928131104e-01 1.089750826358795166e-01 1.971369832754135132e-01 1.256441026926040649e-01 2.177883386611938477e-01 6.767096370458602905e-02 1.350438296794891357e-01 4.951391518115997314e-01 5.117681622505187988e-01 -1.209218382835388184e+00 -9.488526582717895508e-01 -1.343126296997070312e-01 2.145714014768600464e-01 2.567510604858398438e-01 3.099308907985687256e-01 4.873694181442260742e-01 6.471916288137435913e-02 2.109003961086273193e-01 2.154747396707534790e-01 -7.306025624275207520e-01 1.298650503158569336e-01 5.501785874366760254e-01 -2.405354231595993042e-01 2.370039820671081543e-01 1.337006539106369019e-01 -1.381061375141143799e-01 6.685868501663208008e-01 2.655012905597686768e-01 8.865025639533996582e-02 -3.753393590450286865e-01 2.334998846054077148e-01 4.054135978221893311e-01 2.109202742576599121e-01 -4.750376567244529724e-02 5.889495015144348145e-01 4.196908175945281982e-01 1.195061579346656799e-01 -1.029255315661430359e-01 -2.910203039646148682e-01 4.719300195574760437e-02 -5.776486396789550781e-01 -3.181273043155670166e-01 -1.260157488286495209e-02 -4.735932499170303345e-02 -3.331900760531425476e-02 2.507512271404266357e-01 -2.068476676940917969e-01 7.106526196002960205e-02 -2.907997965812683105e-01 1.421802639961242676e-01 3.315277695655822754e-01 1.525080576539039612e-02 -3.980158567428588867e-01 1.204290464520454407e-01 3.452278375625610352e-01 3.387234508991241455e-01 5.181701853871345520e-02 3.240744024515151978e-02 -3.945831358432769775e-01 1.048390716314315796e-01 2.973540686070919037e-04 -2.015856802463531494e-01 -9.870121628046035767e-02 -7.445534467697143555e-01 1.969887763261795044e-01 1.585112214088439941e-01 7.942280173301696777e-02 2.015630304813385010e-01 -1.271591149270534515e-02 -1.049364209175109863e-01 -1.615771800279617310e-01 1.762344092130661011e-01 -3.968881666660308838e-01 2.226910740137100220e-02 -1.092619821429252625e-01 -6.276441216468811035e-01 2.112553119659423828e-01 -1.116360127925872803e-01 1.382693946361541748e-01 4.790540784597396851e-02 -1.172004193067550659e-01 3.560470044612884521e-01 7.469687610864639282e-03 -1.453200913965702057e-02 8.014216423034667969e-01 -6.708502769470214844e-01 3.961242437362670898e-01 -6.034499406814575195e-01 -1.133191399276256561e-04 3.134493529796600342e-01 -1.545379161834716797e-01 2.329354882240295410e-01 1.385490745306015015e-01 -5.323938131332397461e-01 6.408386230468750000e-01 1.558479517698287964e-01 3.983409404754638672e-01 -2.754178643226623535e-02 2.406513094902038574e-01 3.937993645668029785e-01 3.888512253761291504e-01 -3.972469866275787354e-01 -6.892975568771362305e-01 2.598835527896881104e-01 -4.416592717170715332e-01 3.623183369636535645e-01 -2.850724756717681885e-01 3.168014883995056152e-01 5.046228170394897461e-01 -1.799669414758682251e-01 4.674924537539482117e-02 3.778865933418273926e-01 3.021284341812133789e-01 4.148664698004722595e-02 -6.268553137779235840e-01 2.562915682792663574e-01 -1.516624838113784790e-01 9.989607334136962891e-02 -4.164045155048370361e-01 2.154889255762100220e-01 -3.939964473247528076e-01 -4.504013061523437500e-02 -6.738744378089904785e-01 7.127758115530014038e-02 -1.773425191640853882e-01 1.442267298698425293e-01 -3.283945918083190918e-01 -4.753801971673965454e-03 1.577994227409362793e-02 2.833249270915985107e-01 -4.463774263858795166e-01 5.863139629364013672e-01 9.321413189172744751e-02 -1.900002360343933105e-01 5.755358934402465820e-01 3.847108483314514160e-01 -1.547398865222930908e-01 -3.601993024349212646e-01 2.241435796022415161e-01 1.567929089069366455e-01 3.531489968299865723e-01 -6.467719674110412598e-01 3.128416538238525391e-01 5.279438495635986328e-01 -3.424510955810546875e-01 -2.785916328430175781e-01 -3.585544824600219727e-01 2.218681871891021729e-01 6.584647893905639648e-01 2.777384519577026367e-01 5.233660936355590820e-01 -5.708293616771697998e-02 6.035273671150207520e-01 -8.762740492820739746e-01 2.647405862808227539e-01 -5.874472856521606445e-02 1.905373930931091309e-01 -1.249505355954170227e-01 9.162845462560653687e-02 6.473039090633392334e-02 6.297441124916076660e-01 6.046988368034362793e-01 -5.416439846158027649e-03 -1.067148596048355103e-01 8.669599145650863647e-02 -7.402129471302032471e-02 3.910562098026275635e-01 2.594224214553833008e-01 1.860269606113433838e-01 3.474250063300132751e-02 -4.703200459480285645e-01 -1.882569491863250732e-01 -1.688863635063171387e-01 -1.560422182083129883e-01 -2.686860859394073486e-01 6.044094562530517578e-01 5.532873272895812988e-01 -2.301298975944519043e-01 2.993873134255409241e-02 1.936291456222534180e-01 -7.228322327136993408e-02 4.130306541919708252e-01 3.194370865821838379e-01 5.030004382133483887e-01 2.968738377094268799e-01 -2.648579329252243042e-02 1.582613438367843628e-01 -3.679971396923065186e-02 -5.982572436332702637e-01 -4.642989337444305420e-01 4.670937955379486084e-01 -1.386829018592834473e-01 -2.723371982574462891e-01 1.292858570814132690e-01 -9.417246282100677490e-02 -1.428348273038864136e-01 -4.780939221382141113e-02 1.459042280912399292e-01 -1.165293976664543152e-01 7.470887899398803711e-01 -5.569204092025756836e-01 -4.253207147121429443e-02 -7.761785387992858887e-02 1.253611892461776733e-01 3.273113071918487549e-01 3.193910792469978333e-02 6.891878843307495117e-01 2.421636879444122314e-01 5.394316911697387695e-01 -5.106068402528762817e-02 5.246216803789138794e-02 2.530123591423034668e-01 -3.588427305221557617e-01 -4.391388297080993652e-01 6.115212440490722656e-01 -2.639697492122650146e-02 -1.999937891960144043e-01 3.548897802829742432e-02 -3.169575706124305725e-03 -5.323842167854309082e-01 -8.135720342397689819e-02 1.419118046760559082e-01 -3.887125253677368164e-01 -2.204460054636001587e-01 1.270117759704589844e-01 -1.483458578586578369e-01 -6.981702987104654312e-03 8.619356155395507812e-02 8.588404953479766846e-02 3.242218792438507080e-01 1.413219869136810303e-01 -2.486110329627990723e-01 -5.916661024093627930e-02 6.491770148277282715e-01 -2.649939060211181641e-02 1.340314745903015137e-01 -2.174676805734634399e-01 -8.999393135309219360e-02 2.348163723945617676e-01 2.661023139953613281e-01 3.407286703586578369e-01 -1.002098545432090759e-01 4.899180829524993896e-01 -3.976213932037353516e-02 1.381952464580535889e-01 6.226391196250915527e-01 2.490519136190414429e-01 4.799467045813798904e-03 -5.498501062393188477e-01 3.779973983764648438e-01 7.670052815228700638e-03 3.306690752506256104e-01 2.870418429374694824e-01 3.371718227863311768e-01 2.381974756717681885e-01 2.647599577903747559e-01 -4.607016146183013916e-01 1.768766641616821289e-01 1.246358640491962433e-02 1.142084226012229919e-01 -1.179652437567710876e-01 3.791964352130889893e-01 3.614626526832580566e-01 -7.932932674884796143e-02 1.824361085891723633e-01 1.968973428010940552e-01 1.757788211107254028e-01 2.782446742057800293e-01 -4.740292131900787354e-01 2.213915586471557617e-01 1.219039112329483032e-01 2.625344991683959961e-01 -3.554253280162811279e-01 -1.382158249616622925e-01 2.381445467472076416e-01 -3.389906510710716248e-02 9.115943908691406250e-01 1.031808853149414062e-01 5.123371481895446777e-01 1.409339904785156250e-01 4.233993589878082275e-01 -6.789128780364990234e-01 2.688412666320800781e-01 -1.204658895730972290e-01 1.907729953527450562e-01 -3.265565335750579834e-01 -1.190479472279548645e-01 -1.515199095010757446e-01 -1.035194620490074158e-01 7.407804578542709351e-02 9.110484272241592407e-03 3.433925807476043701e-01 -4.358773827552795410e-01 -4.082293808460235596e-01 -7.826168090105056763e-02 1.162878647446632385e-01 5.055180191993713379e-01 -1.946367472410202026e-01 -9.068787097930908203e-01 2.842362225055694580e-01 2.900515794754028320e-01 -6.623355150222778320e-01 1.807933449745178223e-01 -9.742206335067749023e-02 -2.265766859054565430e-01 2.977022230625152588e-01 6.475737094879150391e-01 -5.490127205848693848e-02 -1.563141793012619019e-01 8.742102235555648804e-02 1.431160569190979004e-01 4.687894284725189209e-01 3.141279146075248718e-02 -5.086585283279418945e-01 3.119432926177978516e-01 2.224654108285903931e-01 2.290387004613876343e-01 -1.891538947820663452e-01 3.112239763140678406e-03 4.066338539123535156e-01 -1.732230633497238159e-01 3.177288472652435303e-01 -2.508597075939178467e-01 1.609461605548858643e-01 -5.969807133078575134e-02 4.356316030025482178e-01 1.232292205095291138e-01 -2.968693375587463379e-01 4.440991580486297607e-01 -1.194568350911140442e-03 4.605485126376152039e-02 -3.733602762222290039e-01 2.188778966665267944e-01 -3.216383978724479675e-02 -1.524459123611450195e-01 3.429409563541412354e-01 4.225965738296508789e-01 -5.821615830063819885e-02 -6.155940294265747070e-01 -1.292142570018768311e-01 1.372974365949630737e-01 1.473259776830673218e-01 -1.057124882936477661e-01 2.551116049289703369e-01 3.334985077381134033e-01 6.141409873962402344e-01 5.285927057266235352e-01 3.312156498432159424e-01 -3.391434624791145325e-02 -3.976731002330780029e-02 2.536676526069641113e-01 -3.076367676258087158e-01 -2.850145697593688965e-01 7.087587565183639526e-02 -3.348416686058044434e-01 -9.440531954169273376e-03 3.763623833656311035e-01 -2.984334230422973633e-01 -2.176647633314132690e-01 2.818740010261535645e-01 3.004005178809165955e-02 2.047218829393386841e-01 1.740329265594482422e-01 2.319230735301971436e-01 1.380196306854486465e-02 -2.303188741207122803e-01 -2.734486572444438934e-02 1.569160670042037964e-01 6.364114880561828613e-01 -2.529809176921844482e-01 2.017285525798797607e-01 2.763769924640655518e-01 -3.212112784385681152e-01 3.021553754806518555e-01 -2.072481624782085419e-02 2.858666181564331055e-01 7.057994604110717773e-01 -3.739052414894104004e-01 1.807338744401931763e-01 4.568979442119598389e-01 2.358065694570541382e-01 3.019837737083435059e-01 -6.021856889128684998e-02 -7.548770401626825333e-03 -7.954185456037521362e-02 1.561094224452972412e-01 -2.453270703554153442e-01 9.210725128650665283e-02 -2.273715101182460785e-02 -3.162516057491302490e-01 -1.246660389006137848e-02 -4.502962529659271240e-01 2.271563708782196045e-01 4.605239331722259521e-01 4.112837612628936768e-01 3.243508040904998779e-01 3.978294730186462402e-01 -2.571454942226409912e-01 4.276751279830932617e-01 -1.401104480028152466e-01 -2.972296178340911865e-01 -1.153454743325710297e-02 5.347216129302978516e-01 1.119196880608797073e-02 2.848455011844635010e-01 1.693858057260513306e-01 -4.237893819808959961e-01 -1.672879755496978760e-01 6.308478713035583496e-01 4.683444201946258545e-01 2.724085152149200439e-01 -1.305669397115707397e-01 5.815024971961975098e-01 2.315599024295806885e-01 6.647629141807556152e-01 -1.037402510643005371e+00 -8.150307834148406982e-02 1.387685090303421021e-01 -5.256649255752563477e-01 -9.204453974962234497e-02 -3.816853761672973633e-01 -1.070738673210144043e+00 -4.346609115600585938e-01 1.507212966680526733e-01 2.368051558732986450e-03 3.650177121162414551e-01 -2.067502290010452271e-01 -3.175520896911621094e-01 -4.609974324703216553e-01 3.833154439926147461e-01 3.649658560752868652e-01 2.861973047256469727e-01 3.284198045730590820e-01 -5.328341126441955566e-01 3.858221769332885742e-01 -4.177830815315246582e-01 -8.291240781545639038e-02 -2.343356311321258545e-01 -3.620005846023559570e-01 -3.781247138977050781e-01 8.911019563674926758e-02 -9.195867180824279785e-02 -1.306827664375305176e-01 -2.092615514993667603e-01 2.928992807865142822e-01 1.286808550357818604e-01 -1.884256303310394287e-01 6.920094490051269531e-01 2.545728981494903564e-01 3.943373262882232666e-01 1.182388141751289368e-02 -1.771890223026275635e-01 1.441072374582290649e-01 -2.580584287643432617e-01 1.590035259723663330e-01 -6.183230504393577576e-02 -2.572966217994689941e-01 4.829634726047515869e-02 -5.985143594443798065e-03 -1.035704463720321655e-02 -3.871788382530212402e-01 4.050322994589805603e-02 1.378444135189056396e-01 2.312312126159667969e-01 4.114823937416076660e-01 8.171365410089492798e-02 -6.477031111717224121e-02 -5.240659788250923157e-02 -4.249129891395568848e-01 2.723553180694580078e-01 3.769091367721557617e-01 5.048960447311401367e-01 4.458954036235809326e-01 1.248083412647247314e-01 4.285597205162048340e-01 -8.948238939046859741e-02 -1.464379578828811646e-02 -7.861977815628051758e-01 -3.116556107997894287e-01 2.323911339044570923e-01 7.715643048286437988e-01 -3.386805951595306396e-02 7.070913165807723999e-02 8.623934984207153320e-01 3.353244066238403320e-01 -2.982639968395233154e-01 3.597913309931755066e-02 -2.463198006153106689e-01 1.137627363204956055e-01 1.641801446676254272e-01 -1.477463841438293457e-01 1.300014555454254150e-01 -3.564240336418151855e-01 1.185409054160118103e-01 2.642128467559814453e-01 6.252856552600860596e-02 2.874729931354522705e-01 5.533971637487411499e-02 5.684807896614074707e-01 4.743920862674713135e-01 5.281663537025451660e-01 -2.643015980720520020e-02 -6.282556653022766113e-01 1.074836403131484985e-01 9.912429451942443848e-01 3.918090090155601501e-02 5.050932168960571289e-01 4.195066392421722412e-01 3.864428102970123291e-01 -6.009888052940368652e-01 2.221589684486389160e-01 -4.961184263229370117e-01 4.432246834039688110e-02 -5.740284919738769531e-02 -1.353735774755477905e-01 3.899185359477996826e-01 -7.034752368927001953e-01 -5.414538979530334473e-01 1.615500897169113159e-01 2.202805876731872559e-01 -7.548313736915588379e-01 2.245340868830680847e-02 -1.079952120780944824e+00 -1.326058059930801392e-01 -1.108508631587028503e-01 5.328778624534606934e-01 -2.429050058126449585e-01 1.052607744932174683e-01 8.054026961326599121e-02 4.036118388175964355e-01 -1.659118197858333588e-02 -2.045855969190597534e-01 4.144171178340911865e-01 -5.860324949026107788e-02 1.134534627199172974e-01 3.650023937225341797e-01 1.099631041288375854e-01 3.019793629646301270e-01 -3.535288870334625244e-01 2.845377027988433838e-01 2.950101494789123535e-01 3.188233077526092529e-02 3.347406685352325439e-01 3.462449014186859131e-01 -1.912027597427368164e-01 3.550222814083099365e-01 2.258741706609725952e-01 4.297332838177680969e-02 2.149882763624191284e-01 -4.256812483072280884e-02 5.479613691568374634e-02 -1.027720928192138672e+00 1.151860207319259644e-01 1.751602999866008759e-02 9.146062284708023071e-02 -5.860107392072677612e-02 7.149835675954818726e-02 3.224477171897888184e-01 -5.154174566268920898e-01 -5.480675101280212402e-01 -1.834729462862014771e-01 1.376314908266067505e-01 -1.371688991785049438e-01 4.850633144378662109e-01 -6.637018918991088867e-02 1.897189170122146606e-01 9.217616170644760132e-04 4.938376545906066895e-01 2.389353960752487183e-01 2.504926919937133789e-01 2.900696396827697754e-01 -3.172413408756256104e-01 -5.354618430137634277e-01 1.744321286678314209e-01 -2.620237767696380615e-01 -3.978168666362762451e-01 -7.962223142385482788e-02 1.010156571865081787e-01 2.240522354841232300e-01 -4.572354257106781006e-02 -8.938783779740333557e-03 3.698115646839141846e-01 1.575049310922622681e-01 -2.237308770418167114e-01 -2.151189595460891724e-01 5.263807773590087891e-01 1.139945983886718750e-01 3.196813762187957764e-01 -7.525323629379272461e-01 -1.181182824075222015e-02 -6.184555590152740479e-02 1.527972817420959473e-01 -2.785673737525939941e-01 -7.394645363092422485e-02 5.744152888655662537e-02 4.796941205859184265e-02 9.579922258853912354e-02 2.248180210590362549e-01 -3.004277348518371582e-01 5.513561889529228210e-03 1.835242062807083130e-01 6.313125491142272949e-01 -1.052946448326110840e+00 -3.990437686443328857e-01 1.694108545780181885e-01 2.251748368144035339e-02 1.734686195850372314e-01 -4.727287888526916504e-01 -1.544001251459121704e-01 6.984955072402954102e-02 3.421902954578399658e-01 -6.120253801345825195e-01 2.619174122810363770e-01 1.388576477766036987e-01 2.320297993719577789e-02 2.846997380256652832e-01 -5.376194715499877930e-01 1.781241744756698608e-01 1.556481868028640747e-01 1.181050688028335571e-01 -2.083589881658554077e-01 1.517940163612365723e-01 -6.030220985412597656e-01 5.511292815208435059e-01 1.040803268551826477e-03 -1.945574134588241577e-01 -4.162001013755798340e-01 1.456809490919113159e-01 2.773332297801971436e-01 -5.486457347869873047e-01 -3.474099338054656982e-01 4.115439951419830322e-01 -3.107679486274719238e-01 1.574409157037734985e-01 3.747418224811553955e-01 -3.530092537403106689e-01 -6.784146279096603394e-02 5.593371987342834473e-01 -5.599163174629211426e-01 1.693080961704254150e-01 -4.532781839370727539e-01 -1.758281737565994263e-01 -6.499196588993072510e-02 1.316505521535873413e-01 4.355483055114746094e-01 -2.412161603569984436e-02 3.420272767543792725e-01 3.127751052379608154e-01 -4.000788927078247070e-01 1.149884238839149475e-01 -2.601317465305328369e-01 -2.999818027019500732e-01 -1.484100222587585449e+00 -7.172363400459289551e-01 -6.544500589370727539e-03 -1.130629107356071472e-01
