3.206265568733215332e-01,5.018647909164428711e-01,2.827126979827880859e-01,3.305817246437072754e-01,2.759051024913787842e-01,2.725762128829956055e-01,3.090986311435699463e-01,3.367425799369812012e-01,2.884894609451293945e-01,2.636549472808837891e-01,2.829131484031677246e-01,2.990415096282958984e-01,3.062992095947265625e-01,2.338917106389999390e-01,2.983877956867218018e-01,2.878420948982238770e-01,2.878637015819549561e-01,3.051291108131408691e-01,2.716459035873413086e-01,3.184569478034973145e-01,2.981886267662048340e-01,3.186436295509338379e-01,2.767466604709625244e-01,2.443779557943344116e-01,2.542912065982818604e-01,2.824952006340026855e-01,2.622302174568176270e-01,3.058870136737823486e-01,3.093161880970001221e-01,3.286302387714385986e-01,2.646278440952301025e-01,3.341004252433776855e-01,2.928614616394042969e-01,3.204334676265716553e-01,3.067057132720947266e-01,3.123079538345336914e-01,3.303169608116149902e-01,2.553690671920776367e-01,2.838996350765228271e-01,2.973564863204956055e-01,2.761703133583068848e-01,2.969657182693481445e-01,2.772736549377441406e-01,3.466809391975402832e-01,2.756548225879669189e-01,2.715449929237365723e-01,3.134066164493560791e-01,2.452082186937332153e-01,2.200746089220046997e-01,3.448413014411926270e-01,2.755184471607208252e-01,2.859671711921691895e-01,3.160203099250793457e-01,2.407311797142028809e-01,2.795301377773284912e-01,3.137567043304443359e-01,2.922711372375488281e-01,2.638356685638427734e-01,2.598248720169067383e-01,2.966557741165161133e-01,2.998271584510803223e-01,2.936602234840393066e-01,2.771297693252563477e-01,3.061277270317077637e-01,3.005934953689575195e-01,3.358827531337738037e-01,2.574946284294128418e-01,2.807676494121551514e-01,2.499643117189407349e-01,3.370965123176574707e-01,2.855618298053741455e-01,2.580156028270721436e-01,2.951500713825225830e-01,2.937962412834167480e-01,2.849285304546356201e-01,3.028841316699981689e-01,2.953186035156250000e-01,2.732691168785095215e-01,2.878330051898956299e-01,3.270388245582580566e-01,2.993547916412353516e-01,3.396068811416625977e-01,2.750247418880462646e-01,2.909578680992126465e-01,2.865921258926391602e-01,2.932865917682647705e-01,2.986525297164916992e-01,2.736479938030242920e-01,2.872073650360107422e-01,2.782355546951293945e-01,2.588876485824584961e-01,2.520846128463745117e-01,3.214167356491088867e-01,2.578783929347991943e-01,2.909116148948669434e-01,2.548778951168060303e-01,3.297947943210601807e-01,3.295419514179229736e-01,2.523947060108184814e-01,3.088743984699249268e-01,2.830499708652496338e-01,2.561733424663543701e-01,2.645495235919952393e-01,2.809975445270538330e-01,3.083813190460205078e-01,3.281479477882385254e-01,2.787293791770935059e-01,3.259593546390533447e-01,3.272497057914733887e-01,2.728711664676666260e-01,2.364150881767272949e-01,3.081241846084594727e-01,2.540140450000762939e-01,2.989062368869781494e-01,2.291295081377029419e-01,2.545774877071380615e-01,2.905805110931396484e-01,3.048955500125885010e-01,2.433476895093917847e-01,2.866147160530090332e-01,2.906234264373779297e-01,2.799152135848999023e-01,2.561698257923126221e-01,2.911841869354248047e-01,2.629448473453521729e-01,2.976883649826049805e-01,3.162108659744262695e-01,2.830655574798583984e-01,2.710588574409484863e-01,2.638289928436279297e-01,2.919222116470336914e-01,2.904317080974578857e-01,2.555119991302490234e-01,3.137133121490478516e-01,3.353995084762573242e-01,2.412533611059188843e-01,2.791731655597686768e-01,2.537066340446472168e-01,2.599904239177703857e-01,3.310463726520538330e-01,2.744698226451873779e-01,2.709580659866333008e-01,2.367951124906539917e-01,3.055634498596191406e-01,2.795252501964569092e-01,2.662132382392883301e-01,2.513893544673919678e-01,2.964852154254913330e-01,2.856359481811523438e-01,2.537157535552978516e-01,2.847917079925537109e-01,2.847144603729248047e-01,2.732711732387542725e-01,2.803070247173309326e-01,2.753201723098754883e-01,2.668989300727844238e-01,2.604527473449707031e-01,2.727468609809875488e-01,2.791422009468078613e-01,2.912412881851196289e-01,2.769048213958740234e-01,2.578414082527160645e-01,2.315958887338638306e-01,3.259891271591186523e-01,2.228451222181320190e-01,2.610189914703369141e-01,3.589634001255035400e-01,2.751109004020690918e-01,2.932818531990051270e-01,3.253425657749176025e-01,2.850880622863769531e-01,3.112263083457946777e-01,2.797213792800903320e-01,2.901072502136230469e-01,3.321967720985412598e-01,2.701120078563690186e-01,3.043110370635986328e-01,3.079305887222290039e-01,2.961556911468505859e-01,3.005653023719787598e-01,2.875536382198333740e-01,3.149153888225555420e-01,3.828681111335754395e-01,2.751384973526000977e-01,2.881187796592712402e-01,2.674189209938049316e-01,3.126500248908996582e-01,2.948762774467468262e-01,3.190425634384155273e-01,3.075141310691833496e-01,2.759521007537841797e-01,2.499331086874008179e-01,2.792251110076904297e-01,3.158896565437316895e-01,2.363588809967041016e-01,3.072387278079986572e-01,3.185427486896514893e-01,2.573526799678802490e-01,2.813937664031982422e-01,2.191647887229919434e-01,2.475833743810653687e-01,2.558563053607940674e-01,3.119093775749206543e-01,2.941246330738067627e-01,2.733121514320373535e-01,2.850650846958160400e-01,2.727694809436798096e-01,1.977854818105697632e-01,2.927780151367187500e-01,2.777998447418212891e-01,2.349710762500762939e-01,2.738394141197204590e-01,3.085946440696716309e-01,1.788761168718338013e-01,2.906987965106964111e-01,3.403953313827514648e-01,2.740507125854492188e-01,3.037162423133850098e-01,2.774968445301055908e-01,2.748045325279235840e-01,2.883405983448028564e-01,4.233207404613494873e-01,2.525013983249664307e-01,2.296237349510192871e-01,2.766609787940979004e-01,2.860764265060424805e-01,3.566773533821105957e-01,2.406341582536697388e-01,2.991937398910522461e-01,2.499777525663375854e-01,2.569237351417541504e-01,2.777459919452667236e-01,3.030276298522949219e-01,2.667081654071807861e-01,2.731493711471557617e-01,2.650341391563415527e-01,2.838667035102844238e-01,2.015608996152877808e-01,2.996770441532135010e-01,2.357753217220306396e-01,2.822390198707580566e-01,2.400890588760375977e-01,2.919265627861022949e-01,2.248795032501220703e-01,2.535533308982849121e-01,2.991504371166229248e-01,3.113170862197875977e-01,2.894746959209442139e-01,2.893196344375610352e-01,3.022577166557312012e-01,2.813368439674377441e-01,2.885266542434692383e-01,2.523356080055236816e-01,2.413699775934219360e-01,2.832355499267578125e-01,2.835417091846466064e-01,2.748747467994689941e-01,2.840758264064788818e-01,2.790963351726531982e-01,3.144892752170562744e-01,3.140026330947875977e-01,2.750589251518249512e-01,3.138496279716491699e-01,2.403072565793991089e-01,3.281516134738922119e-01,2.668253481388092041e-01,2.317919433116912842e-01,3.154445290565490723e-01,2.612749338150024414e-01,2.181537300348281860e-01,3.307873606681823730e-01,2.450612932443618774e-01,2.809103131294250488e-01,2.928491830825805664e-01,2.529468238353729248e-01,3.100372552871704102e-01,2.815608978271484375e-01,3.161950111389160156e-01,2.775885462760925293e-01,3.392277359962463379e-01,2.550131976604461670e-01,3.315891027450561523e-01,2.935666739940643311e-01,2.866579890251159668e-01,2.677646279335021973e-01,2.819595038890838623e-01,3.272835016250610352e-01,2.887710928916931152e-01,2.685724496841430664e-01,2.626503109931945801e-01,3.387237191200256348e-01,2.798125445842742920e-01,2.923267185688018799e-01,2.722191214561462402e-01,2.445245534181594849e-01,2.066849619150161743e-01,2.225514799356460571e-01,2.625182867050170898e-01,2.552057802677154541e-01,2.941981554031372070e-01,3.162904381752014160e-01,3.007892966270446777e-01,2.739904522895812988e-01,3.114165067672729492e-01,2.435500174760818481e-01,3.112974762916564941e-01,2.952740192413330078e-01,2.915702462196350098e-01,3.176025152206420898e-01,2.928499877452850342e-01,2.796669006347656250e-01,2.448006868362426758e-01,2.769933938980102539e-01,2.662809491157531738e-01,2.655440270900726318e-01,2.612750530242919922e-01,2.961698174476623535e-01,3.082110285758972168e-01,2.870944738388061523e-01,3.010226488113403320e-01,2.683017849922180176e-01,2.252462953329086304e-01,3.065339922904968262e-01,2.673182487487792969e-01,2.601795792579650879e-01,2.680320441722869873e-01,2.789241075515747070e-01,2.829141914844512939e-01,2.664906978607177734e-01,2.868332862854003906e-01,2.261398285627365112e-01,2.552050948143005371e-01,2.532702684402465820e-01,3.240520358085632324e-01,2.600179016590118408e-01,2.402006238698959351e-01,2.983886301517486572e-01,2.897195219993591309e-01,2.821528315544128418e-01,2.635859847068786621e-01,2.505228817462921143e-01,2.814830541610717773e-01,2.655032277107238770e-01,2.395897954702377319e-01,2.575381100177764893e-01,2.045667320489883423e-01,2.616625726222991943e-01,2.627098560333251953e-01,2.703051269054412842e-01,2.785047590732574463e-01,2.912489473819732666e-01,3.507153987884521484e-01,2.944990992546081543e-01,2.747166454792022705e-01,2.530838847160339355e-01,2.474565953016281128e-01,2.786961793899536133e-01,2.580702304840087891e-01,2.208739370107650757e-01,2.114802896976470947e-01,2.671810090541839600e-01,2.539738714694976807e-01,2.465714365243911743e-01,2.551602125167846680e-01,2.548293769359588623e-01,2.514504194259643555e-01,3.037079572677612305e-01,2.952374815940856934e-01,2.987062931060791016e-01,3.587269783020019531e-01,2.283682376146316528e-01,2.832369208335876465e-01,2.538240253925323486e-01,3.866292238235473633e-01,3.173228502273559570e-01,2.893163859844207764e-01,2.122433334589004517e-01,3.360142707824707031e-01,3.285699486732482910e-01,3.086748123168945312e-01,2.499627321958541870e-01,2.835420966148376465e-01,3.057846128940582275e-01,2.519173324108123779e-01,2.953801155090332031e-01,3.237703442573547363e-01,3.319286108016967773e-01,2.317633181810379028e-01,2.763460278511047363e-01,2.419235855340957642e-01,3.044677376747131348e-01,2.454421818256378174e-01,3.050035238265991211e-01,2.542592585086822510e-01,2.305943667888641357e-01,2.340830415487289429e-01,2.364390492439270020e-01,2.609547674655914307e-01,2.933405935764312744e-01,2.715795636177062988e-01,2.635033726692199707e-01,2.494698315858840942e-01,2.872869670391082764e-01,2.627008557319641113e-01,2.540290653705596924e-01,2.535988986492156982e-01,2.703045606613159180e-01,2.352434247732162476e-01,2.466555833816528320e-01,3.027631044387817383e-01,2.133808881044387817e-01,2.936710715293884277e-01,2.945577204227447510e-01,2.712698578834533691e-01,2.973225116729736328e-01,2.476318329572677612e-01,3.066620826721191406e-01,3.166235387325286865e-01,2.857034206390380859e-01,2.651748359203338623e-01,3.239173889160156250e-01,2.455796003341674805e-01,2.924044430255889893e-01,3.031156361103057861e-01,2.649211883544921875e-01,3.190055191516876221e-01,2.806864976882934570e-01,3.211594820022583008e-01,2.754414677619934082e-01,2.702308595180511475e-01,2.231142669916152954e-01,2.997058033943176270e-01,3.026033043861389160e-01,3.006530106067657471e-01,3.031022250652313232e-01,2.785779237747192383e-01,2.783573567867279053e-01,3.279451131820678711e-01,1.950388252735137939e-01,3.035523295402526855e-01,3.322583436965942383e-01,2.703737318515777588e-01,2.749014198780059814e-01,2.940566241741180420e-01,2.891499102115631104e-01,2.890600562095642090e-01,3.026381731033325195e-01,2.786659598350524902e-01,2.904263734817504883e-01,3.088271021842956543e-01,2.882781624794006348e-01,3.001638948917388916e-01,2.933500707149505615e-01,3.413123190402984619e-01,3.314815461635589600e-01,2.405184954404830933e-01,2.775493562221527100e-01,2.894787788391113281e-01,2.540183365345001221e-01,2.705497741699218750e-01,2.900921404361724854e-01,2.922037243843078613e-01,2.341241091489791870e-01,3.221333026885986328e-01,2.630714774131774902e-01,2.792015969753265381e-01,3.022978305816650391e-01,3.305692672729492188e-01,2.752747833728790283e-01,2.733159363269805908e-01,3.225769996643066406e-01,2.592657804489135742e-01,2.972845435142517090e-01,2.546970248222351074e-01,2.451112121343612671e-01,2.801964282989501953e-01,2.760333120822906494e-01,3.188112974166870117e-01,2.809868454933166504e-01,2.542078793048858643e-01,2.779072523117065430e-01,3.090524077415466309e-01,2.775879502296447754e-01,2.984837889671325684e-01,2.465458661317825317e-01,3.207179009914398193e-01,1.430722624063491821e-01,3.091665506362915039e-01,2.798385024070739746e-01,2.462341040372848511e-01,2.696353197097778320e-01,2.674799561500549316e-01,2.811882197856903076e-01,3.033723235130310059e-01,2.558448612689971924e-01,3.819660842418670654e-01,2.377773970365524292e-01,3.215668201446533203e-01,2.682287693023681641e-01,2.595542967319488525e-01,2.240897715091705322e-01,3.534083366394042969e-01,2.701833248138427734e-01,3.054025769233703613e-01,2.477974444627761841e-01,3.094199895858764648e-01,2.990721166133880615e-01,3.174309134483337402e-01,2.725799381732940674e-01,2.556186914443969727e-01,2.753750383853912354e-01,2.779800891876220703e-01,2.797408401966094971e-01,2.928881049156188965e-01,2.950431108474731445e-01,2.499537616968154907e-01,3.173058032989501953e-01,3.213929533958435059e-01,2.880890965461730957e-01,3.120422363281250000e-01,2.463659197092056274e-01,2.602318823337554932e-01,2.720192670822143555e-01,3.111888170242309570e-01,3.208963871002197266e-01,2.916412353515625000e-01,2.295619249343872070e-01,2.556142508983612061e-01,3.223925530910491943e-01,3.015810251235961914e-01,2.339238077402114868e-01,3.087922334671020508e-01,2.622169852256774902e-01,2.685625851154327393e-01,2.846686542034149170e-01,2.440562993288040161e-01,2.857938110828399658e-01,3.053769469261169434e-01,3.031193315982818604e-01,2.730428576469421387e-01,3.127873241901397705e-01,3.250797986984252930e-01,2.809488177299499512e-01,3.345311284065246582e-01,3.105446696281433105e-01,3.101642131805419922e-01,2.203246504068374634e-01,3.403697013854980469e-01,3.116744756698608398e-01,3.249055743217468262e-01,2.526167035102844238e-01,2.789555490016937256e-01,2.699092626571655273e-01,3.094925880432128906e-01,2.639008164405822754e-01,2.787041068077087402e-01,2.522811889648437500e-01,2.762434184551239014e-01,2.594174146652221680e-01,2.548875212669372559e-01,2.708522081375122070e-01,2.839381694793701172e-01,2.461104542016983032e-01,2.654525935649871826e-01,2.393078058958053589e-01,2.841399908065795898e-01,2.685615122318267822e-01,2.997902035713195801e-01,3.021991550922393799e-01,2.666153907775878906e-01,2.645862102508544922e-01,3.371494412422180176e-01,2.663262188434600830e-01,2.618349790573120117e-01,2.592505216598510742e-01,2.688386142253875732e-01,2.663447856903076172e-01,3.605862557888031006e-01,2.750821113586425781e-01,3.666331470012664795e-01,2.963902950286865234e-01,2.842147052288055420e-01,2.613254189491271973e-01,2.686838209629058838e-01,2.659673690795898438e-01,2.870293557643890381e-01,3.003190755844116211e-01,2.325345426797866821e-01,2.266934365034103394e-01,2.555361092090606689e-01,2.826485633850097656e-01,3.004177212715148926e-01,2.748204171657562256e-01,2.751356959342956543e-01,2.740244865417480469e-01,3.038268089294433594e-01,3.342214822769165039e-01,2.796637713909149170e-01,3.117008209228515625e-01,2.958027720451354980e-01,2.850164771080017090e-01,2.698665261268615723e-01,2.952971458435058594e-01,3.130012750625610352e-01,3.173577785491943359e-01,2.652987837791442871e-01,3.026665449142456055e-01,2.996158897876739502e-01,2.969639897346496582e-01,2.747697234153747559e-01,2.582794129848480225e-01,2.868156731128692627e-01,2.991358637809753418e-01,2.746210396289825439e-01,3.042395412921905518e-01,2.765819430351257324e-01,2.662078142166137695e-01,2.766817808151245117e-01,2.880355119705200195e-01,2.964026331901550293e-01,3.110005557537078857e-01,2.874954640865325928e-01,3.057370483875274658e-01,2.372167259454727173e-01,2.909212112426757812e-01,2.640826106071472168e-01,2.755068540573120117e-01,2.988218665122985840e-01,3.025884926319122314e-01,2.847220301628112793e-01,2.796496450901031494e-01,3.163729310035705566e-01,3.001942038536071777e-01,2.704135775566101074e-01,2.813736498355865479e-01,2.878590822219848633e-01,2.677140533924102783e-01,2.881230115890502930e-01,2.727707624435424805e-01,3.135073482990264893e-01,2.515169084072113037e-01,2.978306710720062256e-01,2.541848123073577881e-01,2.627940773963928223e-01,2.915096879005432129e-01,2.854391038417816162e-01,2.650913894176483154e-01,3.252934515476226807e-01,2.697194814682006836e-01,2.985549867153167725e-01,2.632925212383270264e-01,2.948232889175415039e-01,3.203623890876770020e-01,2.623014748096466064e-01,2.752586305141448975e-01,2.970464825630187988e-01,2.437544614076614380e-01,2.803030014038085938e-01,2.684004604816436768e-01,2.914236485958099365e-01,2.834677994251251221e-01,2.599897980690002441e-01,2.622895538806915283e-01,2.685118019580841064e-01,2.767019569873809814e-01,2.851442396640777588e-01,2.546217441558837891e-01,2.968781292438507080e-01,3.119837045669555664e-01,2.912890911102294922e-01,3.352636098861694336e-01,2.579112052917480469e-01,3.022938370704650879e-01,2.987404465675354004e-01,2.629793286323547363e-01,2.162277400493621826e-01,3.012738227844238281e-01,2.564284205436706543e-01,3.023373484611511230e-01,2.594709098339080811e-01,2.960875630378723145e-01,2.690795958042144775e-01,2.810168862342834473e-01,2.856549620628356934e-01,3.532204627990722656e-01,3.013212084770202637e-01,2.739187479019165039e-01,2.840651571750640869e-01,3.096123337745666504e-01,2.469852566719055176e-01,2.201227992773056030e-01,3.035578131675720215e-01,2.797229290008544922e-01,2.789723277091979980e-01,3.003413975238800049e-01,2.899952828884124756e-01,2.655502557754516602e-01,2.812807261943817139e-01,3.022468388080596924e-01,2.989245355129241943e-01,2.394782155752182007e-01,2.812795341014862061e-01,2.696619927883148193e-01,2.660400867462158203e-01,2.761420607566833496e-01,2.736930251121520996e-01,2.640276253223419189e-01,3.048185110092163086e-01,2.692126035690307617e-01,2.704969048500061035e-01,2.896432280540466309e-01,2.909131050109863281e-01,2.784045636653900146e-01,2.405761033296585083e-01,2.252875119447708130e-01,2.436576038599014282e-01,2.616454362869262695e-01,2.930289506912231445e-01,2.474182546138763428e-01,2.957462072372436523e-01,2.758131623268127441e-01,2.892375290393829346e-01,3.083407878875732422e-01,2.644953131675720215e-01,2.897118330001831055e-01,2.602507770061492920e-01,2.995313405990600586e-01,3.041566610336303711e-01,2.819582223892211914e-01,3.215703964233398438e-01,3.229287266731262207e-01,2.834230959415435791e-01,2.984129190444946289e-01,2.583663165569305420e-01,2.916742563247680664e-01,2.640145421028137207e-01,2.604321539402008057e-01,2.761718630790710449e-01,2.889685928821563721e-01,2.943609952926635742e-01,2.768702805042266846e-01,2.618023455142974854e-01,2.858576774597167969e-01,3.020889461040496826e-01,3.000214099884033203e-01,2.582691013813018799e-01,2.651751935482025146e-01,2.582888007164001465e-01,2.819713354110717773e-01,3.018475174903869629e-01,2.956920266151428223e-01,2.918912470340728760e-01,2.875612974166870117e-01,2.752492725849151611e-01,2.789629697799682617e-01,3.010110855102539062e-01,2.820440530776977539e-01,2.970167398452758789e-01,2.680613100528717041e-01,2.704601585865020752e-01,2.974411547183990479e-01,2.535589635372161865e-01,3.216718435287475586e-01,2.646594047546386719e-01,2.882699370384216309e-01,2.676590383052825928e-01,2.985652685165405273e-01,2.705886363983154297e-01,3.173961043357849121e-01,3.374317884445190430e-01,2.704515755176544189e-01,3.256536722183227539e-01,2.690544724464416504e-01,3.400105535984039307e-01,3.116220235824584961e-01,2.957867980003356934e-01,2.709839344024658203e-01,3.015841543674468994e-01,2.039939016103744507e-01,2.963004112243652344e-01,2.782712280750274658e-01,2.720046043395996094e-01,2.810370922088623047e-01,3.127657175064086914e-01,2.571966052055358887e-01,2.612549960613250732e-01,2.699204683303833008e-01,2.498457878828048706e-01,2.641226649284362793e-01,3.156169354915618896e-01,2.343030869960784912e-01,3.105400204658508301e-01,2.770092487335205078e-01,2.702952921390533447e-01,2.694978713989257812e-01,2.536404728889465332e-01,3.139885067939758301e-01,2.991420626640319824e-01,2.722898125648498535e-01,2.989833652973175049e-01,2.321322709321975708e-01,2.915440797805786133e-01,3.203455507755279541e-01,2.878569662570953369e-01,3.143292069435119629e-01,2.921525835990905762e-01,2.892321646213531494e-01,2.471236735582351685e-01,2.317548692226409912e-01,2.653174698352813721e-01,3.044672012329101562e-01,2.915343046188354492e-01,2.693207561969757080e-01,2.710445821285247803e-01,2.708311378955841064e-01,2.877092361450195312e-01,3.078624010086059570e-01,2.836082279682159424e-01,2.437347024679183960e-01,3.161791861057281494e-01,3.086367249488830566e-01,2.461667507886886597e-01,2.728367149829864502e-01,2.812127768993377686e-01,3.308950066566467285e-01,2.912695705890655518e-01,2.348708510398864746e-01,2.711586952209472656e-01,2.578355371952056885e-01,2.676371634006500244e-01,2.908829450607299805e-01,2.542562782764434814e-01,2.591014802455902100e-01,3.032038509845733643e-01,3.222722411155700684e-01,2.963008284568786621e-01,2.240313887596130371e-01,2.594710886478424072e-01,2.876311838626861572e-01,2.703813016414642334e-01,2.568376362323760986e-01,2.811240255832672119e-01,2.678408026695251465e-01,2.772225439548492432e-01,2.584013044834136963e-01,3.078487813472747803e-01,2.737773656845092773e-01,2.632100582122802734e-01,2.534379661083221436e-01,2.782040238380432129e-01,2.898740768432617188e-01,3.592371046543121338e-01,2.540736794471740723e-01,2.264507263898849487e-01,2.282723784446716309e-01,2.695871293544769287e-01,3.219859898090362549e-01,3.244821131229400635e-01,3.143277764320373535e-01,2.400174587965011597e-01,2.812982797622680664e-01,2.313002794981002808e-01,2.902825474739074707e-01,2.751531302928924561e-01,2.755186855792999268e-01,2.962186336517333984e-01,2.851244211196899414e-01,2.994906008243560791e-01,2.869266271591186523e-01,2.100876867771148682e-01,2.703715562820434570e-01,3.722058534622192383e-01,2.656480371952056885e-01,2.705672085285186768e-01,3.178931474685668945e-01,2.341990917921066284e-01,2.928093671798706055e-01,2.837266325950622559e-01,3.123711347579956055e-01,2.184489816427230835e-01,2.498326152563095093e-01,2.717564105987548828e-01,3.478037416934967041e-01,2.454498410224914551e-01,2.801985740661621094e-01,2.980782985687255859e-01,2.719435095787048340e-01,2.786195278167724609e-01,2.923309206962585449e-01,2.341298311948776245e-01,2.560109794139862061e-01,3.224412500858306885e-01,3.138180971145629883e-01,2.455409616231918335e-01,3.130803406238555908e-01,2.688587009906768799e-01,2.827047407627105713e-01,2.697452902793884277e-01,2.385976314544677734e-01,2.532375454902648926e-01,2.793856263160705566e-01,2.590710818767547607e-01,2.736572623252868652e-01,2.968197166919708252e-01,2.832778096199035645e-01,2.597739696502685547e-01,2.706242799758911133e-01,2.835596799850463867e-01,2.770059108734130859e-01,2.544758319854736328e-01,3.311381340026855469e-01,2.091356366872787476e-01,3.193176090717315674e-01,2.724576592445373535e-01,3.081719279289245605e-01,2.932841181755065918e-01,2.655176222324371338e-01,3.233885169029235840e-01,2.540811598300933838e-01,2.821832299232482910e-01,3.019879460334777832e-01,2.888041734695434570e-01,3.106389641761779785e-01,2.497663646936416626e-01,2.608080208301544189e-01,2.635165452957153320e-01,2.756555974483489990e-01,2.405105382204055786e-01,2.913364171981811523e-01,3.293023109436035156e-01,3.119128048419952393e-01,2.623433470726013184e-01,2.745115458965301514e-01,2.465214729309082031e-01,3.056373000144958496e-01,2.339052706956863403e-01,2.830306887626647949e-01,2.615952491760253906e-01,2.890716493129730225e-01,2.897601723670959473e-01,2.948071658611297607e-01,3.257873058319091797e-01,2.761823236942291260e-01,2.710266113281250000e-01,3.292542099952697754e-01,2.620988786220550537e-01,2.811549901962280273e-01,3.031221628189086914e-01,2.526400685310363770e-01,2.445486038923263550e-01,2.438550144433975220e-01,2.732155621051788330e-01,2.448617666959762573e-01,2.720831036567687988e-01,1.826250106096267700e-01,2.528743445873260498e-01,2.855238914489746094e-01,2.190948128700256348e-01,3.077937662601470947e-01,2.812905907630920410e-01,2.615980207920074463e-01,2.028531581163406372e-01,3.404242098331451416e-01,2.310806661844253540e-01,2.979029715061187744e-01,2.521805763244628906e-01,2.878156900405883789e-01,2.643824517726898193e-01,2.955019474029541016e-01,3.362145423889160156e-01,2.616742551326751709e-01,2.124548405408859253e-01,3.077998757362365723e-01,3.159174621105194092e-01,2.468969672918319702e-01,2.576309740543365479e-01,3.170412778854370117e-01,2.361242920160293579e-01,2.729223370552062988e-01,2.940547764301300049e-01,2.756981253623962402e-01,2.680336236953735352e-01,2.957912683486938477e-01,2.800422906875610352e-01,2.832255363464355469e-01,3.214514553546905518e-01,2.800943255424499512e-01,2.105516046285629272e-01,3.052268624305725098e-01,2.298271507024765015e-01,2.343950122594833374e-01,2.375566959381103516e-01,2.608504295349121094e-01,2.824850678443908691e-01,2.667571902275085449e-01,3.087419867515563965e-01,2.797998189926147461e-01,2.627104222774505615e-01,3.003290891647338867e-01,2.168578654527664185e-01,2.362254709005355835e-01,3.658098578453063965e-01,2.801594436168670654e-01,1.696279495954513550e-01,3.094347715377807617e-01,3.569289445877075195e-01,2.120941728353500366e-01,2.622869610786437988e-01,2.606079578399658203e-01,2.897154390811920166e-01,3.290137946605682373e-01,2.640766501426696777e-01,3.190430700778961182e-01,2.500832676887512207e-01,2.874588966369628906e-01,3.519153296947479248e-01,2.336799353361129761e-01,2.415936142206192017e-01,2.762014269828796387e-01,2.590033710002899170e-01,2.864563465118408203e-01,2.692229151725769043e-01,2.832503616809844971e-01,2.291280180215835571e-01,2.404090166091918945e-01,3.069733381271362305e-01,2.734782099723815918e-01,2.621138095855712891e-01,2.739712595939636230e-01,2.490117549896240234e-01,2.590751647949218750e-01,2.430702000856399536e-01,2.237822413444519043e-01,2.946172952651977539e-01,2.427656054496765137e-01,2.411509752273559570e-01,3.005527853965759277e-01,3.135921955108642578e-01,2.690836191177368164e-01,2.598798274993896484e-01,3.075691163539886475e-01,2.583689093589782715e-01,3.440711200237274170e-01,2.502535283565521240e-01,2.947100400924682617e-01,2.953854501247406006e-01,2.972612380981445312e-01,2.868652939796447754e-01,2.958579063415527344e-01,3.123598694801330566e-01,2.696321308612823486e-01,2.953217625617980957e-01,3.099863827228546143e-01,2.799613177776336670e-01,2.915486097335815430e-01,2.816475629806518555e-01,3.278183341026306152e-01,3.388018012046813965e-01,2.990308105945587158e-01,2.547500133514404297e-01,2.738839089870452881e-01,2.480280548334121704e-01,2.724185883998870850e-01,2.770151197910308838e-01,2.883198559284210205e-01,2.284111380577087402e-01,2.697896361351013184e-01,2.565178275108337402e-01,2.867080271244049072e-01,2.500850856304168701e-01,2.476779967546463013e-01,2.646802067756652832e-01,3.359254002571105957e-01,2.800757288932800293e-01,2.941952943801879883e-01,3.110666275024414062e-01,3.225388228893280029e-01,3.671414852142333984e-01,2.492524087429046631e-01,3.005676269531250000e-01,2.476374953985214233e-01,2.748849987983703613e-01,3.103162944316864014e-01,2.915057837963104248e-01,2.711966037750244141e-01,3.544444441795349121e-01,2.939240634441375732e-01,2.704121470451354980e-01,3.104862570762634277e-01,2.687603533267974854e-01,2.778217494487762451e-01,2.622135579586029053e-01,2.693958282470703125e-01,2.681711912155151367e-01,2.639268636703491211e-01,2.995649874210357666e-01,2.534988820552825928e-01,2.288976758718490601e-01,2.529372572898864746e-01,2.610097825527191162e-01,2.812355756759643555e-01,2.915767431259155273e-01,2.241495102643966675e-01,2.769006788730621338e-01,2.826824486255645752e-01,2.779997885227203369e-01,2.632352411746978760e-01,2.647861838340759277e-01,2.623085379600524902e-01,2.684946060180664062e-01,2.455613464117050171e-01,2.600963115692138672e-01,3.130767941474914551e-01,2.876866757869720459e-01,3.094113469123840332e-01,3.175817430019378662e-01,2.554003894329071045e-01,2.592023611068725586e-01,3.072407245635986328e-01,2.775096297264099121e-01,3.026788234710693359e-01,2.768478393554687500e-01,2.931348979473114014e-01,2.888128757476806641e-01,3.509389758110046387e-01,2.497219294309616089e-01,2.564293444156646729e-01,2.946993112564086914e-01,2.722229957580566406e-01,2.684194743633270264e-01,3.064939975738525391e-01,2.214825451374053955e-01,3.286313414573669434e-01,2.419921606779098511e-01,2.990070581436157227e-01,3.368780612945556641e-01,2.681077718734741211e-01,2.035021036863327026e-01,3.020308017730712891e-01,3.536378145217895508e-01,3.040705025196075439e-01,2.609737813472747803e-01,2.711772322654724121e-01,2.458984106779098511e-01,2.792216837406158447e-01,2.552604675292968750e-01,2.433523237705230713e-01,2.593036592006683350e-01,2.890561223030090332e-01,2.184698730707168579e-01,2.791903614997863770e-01,2.672781050205230713e-01,3.001566827297210693e-01,3.266294598579406738e-01,2.061938643455505371e-01,2.364581972360610962e-01,2.589943706989288330e-01,2.718527317047119141e-01,2.818789482116699219e-01,2.617618739604949951e-01,2.699871063232421875e-01,2.697876393795013428e-01,2.805679440498352051e-01,2.912886142730712891e-01,2.600051760673522949e-01,2.792107462882995605e-01,2.806128859519958496e-01,2.630972266197204590e-01,2.700372934341430664e-01,2.624436020851135254e-01,3.153155744075775146e-01,2.508977949619293213e-01,2.910036444664001465e-01,2.411656528711318970e-01,2.437567710876464844e-01,3.004681468009948730e-01,3.065783977508544922e-01,2.965781688690185547e-01,3.040542304515838623e-01,2.661248147487640381e-01,2.768455743789672852e-01,2.895011305809020996e-01,2.778955996036529541e-01,2.636283338069915771e-01,2.465781420469284058e-01,2.433601766824722290e-01,2.775175273418426514e-01,2.936753034591674805e-01,2.411932796239852905e-01,2.733026146888732910e-01,2.902851700782775879e-01,2.946195006370544434e-01,2.668120265007019043e-01,2.567034065723419189e-01,2.890322506427764893e-01,2.682628631591796875e-01,2.856669127941131592e-01,2.989325225353240967e-01,2.837821245193481445e-01,2.368352264165878296e-01,2.445915490388870239e-01,2.794661521911621094e-01,2.799095809459686279e-01,2.689361572265625000e-01,2.910461723804473877e-01,2.635057568550109863e-01,2.430859804153442383e-01,2.965437769889831543e-01,2.834500670433044434e-01,2.724335193634033203e-01,2.561107277870178223e-01,3.389033675193786621e-01,2.812719047069549561e-01,2.438156008720397949e-01,2.954292297363281250e-01,2.324864417314529419e-01,3.124919235706329346e-01,2.536389529705047607e-01,2.602962553501129150e-01,2.754940092563629150e-01,3.002366125583648682e-01,2.769882380962371826e-01,2.723822593688964844e-01,2.994698286056518555e-01,3.166241645812988281e-01,2.888069450855255127e-01,2.995076179504394531e-01,2.712445855140686035e-01,3.002263307571411133e-01,2.494383603334426880e-01,3.207205533981323242e-01,2.573892772197723389e-01,2.764332890510559082e-01,2.739484310150146484e-01,2.813507914543151855e-01,2.694047689437866211e-01,2.982658147811889648e-01,2.495661526918411255e-01,2.717280685901641846e-01,2.804155647754669189e-01,2.725708484649658203e-01,2.947028875350952148e-01,2.729568183422088623e-01,2.747583389282226562e-01,2.918267846107482910e-01,2.259504944086074829e-01,3.052410781383514404e-01,2.724795937538146973e-01,2.989937067031860352e-01,2.933822870254516602e-01,2.796161174774169922e-01,2.484592199325561523e-01,2.539210319519042969e-01,2.569999098777770996e-01,2.698291838169097900e-01,2.589474320411682129e-01,3.108457922935485840e-01,2.577615976333618164e-01,2.625728249549865723e-01,2.811702787876129150e-01,3.096190094947814941e-01,2.584858834743499756e-01,3.811252713203430176e-01,3.192901909351348877e-01,2.492091506719589233e-01,2.886602580547332764e-01,2.594955265522003174e-01,2.844523191452026367e-01,2.692395448684692383e-01,2.724764645099639893e-01,2.686385512351989746e-01,2.857943177223205566e-01,2.706228494644165039e-01,2.441372573375701904e-01,3.193113207817077637e-01,2.729957699775695801e-01,2.960520684719085693e-01,2.851491868495941162e-01,2.761817574501037598e-01,2.909328937530517578e-01,2.417615950107574463e-01,2.874995470046997070e-01,2.813756763935089111e-01,2.858135998249053955e-01,2.642300724983215332e-01,2.656065821647644043e-01,2.460782378911972046e-01,2.630491852760314941e-01,2.922553420066833496e-01,3.229154944419860840e-01,2.527819573879241943e-01,2.755055129528045654e-01,3.144967555999755859e-01,2.319767922163009644e-01,3.006771802902221680e-01,3.096169531345367432e-01,3.368282318115234375e-01,2.814458608627319336e-01,2.740314602851867676e-01,2.634540796279907227e-01,2.943155765533447266e-01,2.356625497341156006e-01,2.715583443641662598e-01,2.435190826654434204e-01,2.553568780422210693e-01,2.717950642108917236e-01,2.748433053493499756e-01,2.784711122512817383e-01,2.800390124320983887e-01,3.115228414535522461e-01,2.697236537933349609e-01,3.112724423408508301e-01,2.634320557117462158e-01,2.488545626401901245e-01,2.856061458587646484e-01,3.263320922851562500e-01,3.425467312335968018e-01,2.590206265449523926e-01,2.151027917861938477e-01,2.719689011573791504e-01,2.778204977512359619e-01,2.447885423898696899e-01,2.572220563888549805e-01,3.052291274070739746e-01,2.657201290130615234e-01,2.553550899028778076e-01,2.491910159587860107e-01,2.622696757316589355e-01,3.033569753170013428e-01,2.992796301841735840e-01,3.201271593570709229e-01,3.102714419364929199e-01,2.755429744720458984e-01,2.639164924621582031e-01,2.638787925243377686e-01,2.839230895042419434e-01,2.973501384258270264e-01,2.727129161357879639e-01,2.959238886833190918e-01,2.899765968322753906e-01,2.754650115966796875e-01,2.614669799804687500e-01,2.710994482040405273e-01,2.967915534973144531e-01,2.724779546260833740e-01,2.744843959808349609e-01,3.088986277580261230e-01,3.261583447456359863e-01,2.916084825992584229e-01,2.924941480159759521e-01,2.602088749408721924e-01,2.853006124496459961e-01,2.568827569484710693e-01,2.602756619453430176e-01,2.681104838848114014e-01,2.823613286018371582e-01,2.629757523536682129e-01,2.654341161251068115e-01,2.863017916679382324e-01,3.010170459747314453e-01,2.634581923484802246e-01,3.037995100021362305e-01,2.776938378810882568e-01,3.315179944038391113e-01,2.626318335533142090e-01,3.157129883766174316e-01,2.671632766723632812e-01,3.377849459648132324e-01,2.684315443038940430e-01,2.950460910797119141e-01,2.754541635513305664e-01,3.049010336399078369e-01,2.569317519664764404e-01,2.852593958377838135e-01,2.934020757675170898e-01,3.013706207275390625e-01,3.208886981010437012e-01,2.636151909828186035e-01,2.665890157222747803e-01,3.048863410949707031e-01,2.887485623359680176e-01,3.128564357757568359e-01,2.992080450057983398e-01,2.805707454681396484e-01,3.159086704254150391e-01,2.949557900428771973e-01,2.986358106136322021e-01,2.594002187252044678e-01,3.034089505672454834e-01,2.735368311405181885e-01,3.552877306938171387e-01,2.805778086185455322e-01,2.875751554965972900e-01,2.555563449859619141e-01,3.334585428237915039e-01,2.659325003623962402e-01,2.677998840808868408e-01,2.936025857925415039e-01,3.017534315586090088e-01,2.579919993877410889e-01,3.019976913928985596e-01,2.767256200313568115e-01,2.819075286388397217e-01,3.083880543708801270e-01,3.061428666114807129e-01,2.923634052276611328e-01,2.577854394912719727e-01,2.970369458198547363e-01,2.889281511306762695e-01,3.102349638938903809e-01,3.165442943572998047e-01,3.044802844524383545e-01,2.693927586078643799e-01,3.376790881156921387e-01,2.291953712701797485e-01,2.914428114891052246e-01,3.067554235458374023e-01,3.357688188552856445e-01,2.545676827430725098e-01,2.995353639125823975e-01,2.982774376869201660e-01,2.995083332061767578e-01,3.155932128429412842e-01,3.088551759719848633e-01,2.665440142154693604e-01,3.203102052211761475e-01,3.522615432739257812e-01,2.862811386585235596e-01,2.489669471979141235e-01,2.501352727413177490e-01,2.924559116363525391e-01,3.019758164882659912e-01,2.770069241523742676e-01,2.634340226650238037e-01,2.559843659400939941e-01,2.678610682487487793e-01,2.608786225318908691e-01,2.733696401119232178e-01,2.822952270507812500e-01,2.756382524967193604e-01,2.426429539918899536e-01,2.591009140014648438e-01,3.244107961654663086e-01,2.636023759841918945e-01,3.110435307025909424e-01,3.295646905899047852e-01,3.056462407112121582e-01,3.083982467651367188e-01,3.200358748435974121e-01,2.932901382446289062e-01,2.954182028770446777e-01,2.879955172538757324e-01,2.613369822502136230e-01,2.945003509521484375e-01,2.788689732551574707e-01,3.099602460861206055e-01,3.027372062206268311e-01,3.242768049240112305e-01,2.920389473438262939e-01,2.551420927047729492e-01,3.284704387187957764e-01,2.746806144714355469e-01,2.763390243053436279e-01,2.801822423934936523e-01,2.885031700134277344e-01,2.784659564495086670e-01,2.964671254158020020e-01,3.155097067356109619e-01,2.474273592233657837e-01,2.943295836448669434e-01,2.435754984617233276e-01,2.765495777130126953e-01,3.499999046325683594e-01,3.128094375133514404e-01,2.716223001480102539e-01,2.794169187545776367e-01,2.638932466506958008e-01,2.633890509605407715e-01,2.720103561878204346e-01,3.118158578872680664e-01,2.669365108013153076e-01,3.061532974243164062e-01,3.091040849685668945e-01,2.462007254362106323e-01,2.511604428291320801e-01,2.916691899299621582e-01,2.833320796489715576e-01,3.242518305778503418e-01,2.391053289175033569e-01,3.137031793594360352e-01,3.273020982742309570e-01,3.209855556488037109e-01,2.494818419218063354e-01,3.048050105571746826e-01,2.796162664890289307e-01,3.032131791114807129e-01,3.192896842956542969e-01,2.625035643577575684e-01,3.031507730484008789e-01,2.922552824020385742e-01,2.775656580924987793e-01,2.557547986507415771e-01,2.273235172033309937e-01,2.847870290279388428e-01,2.526566684246063232e-01,2.695628404617309570e-01,3.004803657531738281e-01,2.737227082252502441e-01,2.444164901971817017e-01,2.710363268852233887e-01,2.524353265762329102e-01,2.787627577781677246e-01,2.966891825199127197e-01,2.958697378635406494e-01,2.631415724754333496e-01,2.669847309589385986e-01,2.311580628156661987e-01,2.916663885116577148e-01,2.307154983282089233e-01,2.904075682163238525e-01,3.064279556274414062e-01,2.737198173999786377e-01,2.680934071540832520e-01,2.685529589653015137e-01,2.727660536766052246e-01,2.754819989204406738e-01,2.716646790504455566e-01,2.638260126113891602e-01,2.493227720260620117e-01,3.133139908313751221e-01,2.523544728755950928e-01,3.268585205078125000e-01,3.203425407409667969e-01,2.386899590492248535e-01,3.376300632953643799e-01,3.015497922897338867e-01,2.710005044937133789e-01,2.928506433963775635e-01,3.265234231948852539e-01,3.174178600311279297e-01,2.668716609477996826e-01,2.969936728477478027e-01,2.985042333602905273e-01,2.846058607101440430e-01,3.095751702785491943e-01,3.255946040153503418e-01,3.176667690277099609e-01,3.019609451293945312e-01,2.828590273857116699e-01,2.739889323711395264e-01,2.747767567634582520e-01,2.956136763095855713e-01,3.027305006980895996e-01,3.080124855041503906e-01,2.901450693607330322e-01,2.765832245349884033e-01,2.796508073806762695e-01,3.088771700859069824e-01,2.622090280055999756e-01,2.778038382530212402e-01,2.242918461561203003e-01,2.882465124130249023e-01,2.888638377189636230e-01,3.041025400161743164e-01,2.853283584117889404e-01,2.632374465465545654e-01,3.133047223091125488e-01,2.970542907714843750e-01,2.690931558609008789e-01,2.846444249153137207e-01,2.927659451961517334e-01,2.727999985218048096e-01,2.174933552742004395e-01,2.752854824066162109e-01,2.612825036048889160e-01,2.839979827404022217e-01,3.119691312313079834e-01,2.137972861528396606e-01,2.677427530288696289e-01,2.725726068019866943e-01,2.648975551128387451e-01,3.146040439605712891e-01,2.960132956504821777e-01,2.801016569137573242e-01,2.863402664661407471e-01,2.381795197725296021e-01,2.672432661056518555e-01,2.966068983078002930e-01,2.146790474653244019e-01,2.760809659957885742e-01,2.723984122276306152e-01,2.931829094886779785e-01,2.436394542455673218e-01,2.466738373041152954e-01,3.158370256423950195e-01,3.066934943199157715e-01,2.808826863765716553e-01,3.032785058021545410e-01,2.129093110561370850e-01,2.685279548168182373e-01,2.542240917682647705e-01,3.046988844871520996e-01,2.741974890232086182e-01,3.213930130004882812e-01,2.021062970161437988e-01,2.547855377197265625e-01,2.929256558418273926e-01,2.381925284862518311e-01,2.660287320613861084e-01,2.375245243310928345e-01,2.678100466728210449e-01,2.622531056404113770e-01,3.132482767105102539e-01,2.860169708728790283e-01,2.945415377616882324e-01,2.789286077022552490e-01,3.185022175312042236e-01,2.910960018634796143e-01,2.571483850479125977e-01,2.982451319694519043e-01,2.821653485298156738e-01,3.082326054573059082e-01,2.603921890258789062e-01,2.997118830680847168e-01,2.872513532638549805e-01,2.667649090290069580e-01,3.135774135589599609e-01,3.023465871810913086e-01,2.979692816734313965e-01,2.799419164657592773e-01,2.713152170181274414e-01,2.987622618675231934e-01,2.584733366966247559e-01,2.159546911716461182e-01,2.960865199565887451e-01,2.908991575241088867e-01,2.648673355579376221e-01,2.695729732513427734e-01,2.730549871921539307e-01,2.509787380695343018e-01,2.382486909627914429e-01,2.951349914073944092e-01,3.184348344802856445e-01,2.746152877807617188e-01,2.683339715003967285e-01,2.550639808177947998e-01,2.354835420846939087e-01,2.981386780738830566e-01,3.310232758522033691e-01,2.460850179195404053e-01,2.933012247085571289e-01,2.866478562355041504e-01,2.598492205142974854e-01,2.985128760337829590e-01,2.577007114887237549e-01,2.791732251644134521e-01,3.361734449863433838e-01,2.653101682662963867e-01,2.954422831535339355e-01,2.987583875656127930e-01,2.685883939266204834e-01,2.188056558370590210e-01,2.486673444509506226e-01,3.005662560462951660e-01,2.575091421604156494e-01,3.225349783897399902e-01,2.741260528564453125e-01,2.247585058212280273e-01,2.563497424125671387e-01,2.569096982479095459e-01,2.716968655586242676e-01,3.577880263328552246e-01,2.903120517730712891e-01,2.595337629318237305e-01,2.925682663917541504e-01,2.608538866043090820e-01,2.878456711769104004e-01,2.719994187355041504e-01,3.017116189002990723e-01,2.533124685287475586e-01,2.480918616056442261e-01,2.330400496721267700e-01,2.530231177806854248e-01,2.674182057380676270e-01,2.980713844299316406e-01,3.030875325202941895e-01,2.932338118553161621e-01,3.113771677017211914e-01,2.846214771270751953e-01,2.787033319473266602e-01,2.630122303962707520e-01,2.856228649616241455e-01,2.868981957435607910e-01,2.883252501487731934e-01,2.566923797130584717e-01,3.105661571025848389e-01,2.860648930072784424e-01,2.979012429714202881e-01,2.713029682636260986e-01,2.764308452606201172e-01,2.704131901264190674e-01,2.644416987895965576e-01,2.344687581062316895e-01,2.693760395050048828e-01,3.094799816608428955e-01,3.125662803649902344e-01,2.930235266685485840e-01,2.944650352001190186e-01,3.485363423824310303e-01,2.834978103637695312e-01,2.936092317104339600e-01,2.679140865802764893e-01,2.647138833999633789e-01,2.917568087577819824e-01,2.586199045181274414e-01,2.984592020511627197e-01,2.712768614292144775e-01,2.621074914932250977e-01,2.228124588727951050e-01,3.053261339664459229e-01,2.835960388183593750e-01,3.047735095024108887e-01,2.613464593887329102e-01,2.765906155109405518e-01,2.635244429111480713e-01,2.720697522163391113e-01,2.908021807670593262e-01,3.197152018547058105e-01,2.678812742233276367e-01,2.618640661239624023e-01,3.164517283439636230e-01,2.834315299987792969e-01,2.779916524887084961e-01,2.565303444862365723e-01,2.508098483085632324e-01,2.813718914985656738e-01,2.666226923465728760e-01,2.751790583133697510e-01,3.541076183319091797e-01,2.460017949342727661e-01,3.255283832550048828e-01,2.545577287673950195e-01,2.857938706874847412e-01,2.831606864929199219e-01,2.804666161537170410e-01,2.756693065166473389e-01,2.766547501087188721e-01,2.824785113334655762e-01,3.018298447132110596e-01,3.014028668403625488e-01,2.889403700828552246e-01,2.693563997745513916e-01,3.121051788330078125e-01,2.451569437980651855e-01,2.821810841560363770e-01,2.890847623348236084e-01,2.945498228073120117e-01,2.592118680477142334e-01,2.781865000724792480e-01,2.730816602706909180e-01,3.209040164947509766e-01,2.576825618743896484e-01,2.800936102867126465e-01,2.112772911787033081e-01,2.831417322158813477e-01,2.993659675121307373e-01,2.772917151451110840e-01,2.988284230232238770e-01,2.691580057144165039e-01,3.016721308231353760e-01,2.368934452533721924e-01,2.598441839218139648e-01,2.845895886421203613e-01,2.790329158306121826e-01,3.402589559555053711e-01,2.636074125766754150e-01,3.119780123233795166e-01,2.392662912607192993e-01,3.061406314373016357e-01,3.173822760581970215e-01,2.764770984649658203e-01,2.894151508808135986e-01,2.460708767175674438e-01,3.201841711997985840e-01,2.747296094894409180e-01,3.267236948013305664e-01,3.162654340267181396e-01,3.295734524726867676e-01,3.153516054153442383e-01,2.885492444038391113e-01,2.789897918701171875e-01,2.796649932861328125e-01,2.945648133754730225e-01,3.211559057235717773e-01,2.989241778850555420e-01,2.642114162445068359e-01,2.952262163162231445e-01,2.747916281223297119e-01,2.321242690086364746e-01,2.637585699558258057e-01,2.788139283657073975e-01,2.575288712978363037e-01,2.586979568004608154e-01,2.401308715343475342e-01,3.211649060249328613e-01,3.128434419631958008e-01,2.803295254707336426e-01,3.033745884895324707e-01,2.885788381099700928e-01,2.424667924642562866e-01,2.628557980060577393e-01,2.749818563461303711e-01,2.694965004920959473e-01,2.858489751815795898e-01,2.759547829627990723e-01,3.062169551849365234e-01,2.252420634031295776e-01,2.794290184974670410e-01,2.757031321525573730e-01,2.736265063285827637e-01,2.899573445320129395e-01,3.040609955787658691e-01,2.878803908824920654e-01,2.962492704391479492e-01,2.666715085506439209e-01,3.414963185787200928e-01,2.647163569927215576e-01,2.822588086128234863e-01,2.299034744501113892e-01,2.964446842670440674e-01,2.794326245784759521e-01,2.766214013099670410e-01,2.687287926673889160e-01,3.277684450149536133e-01,2.316536754369735718e-01,2.880381047725677490e-01,2.508655488491058350e-01,3.056204319000244141e-01,3.017609119415283203e-01,3.012241125106811523e-01,2.972158789634704590e-01,2.687074840068817139e-01,3.180758953094482422e-01,3.303839564323425293e-01,2.872502505779266357e-01,3.218961358070373535e-01,2.577484846115112305e-01,3.006509244441986084e-01,3.322684764862060547e-01,2.859967947006225586e-01,2.922838926315307617e-01,3.317917883396148682e-01,2.623155713081359863e-01,2.324857860803604126e-01,3.263120651245117188e-01,2.860805988311767578e-01,2.885650396347045898e-01,2.564636766910552979e-01,2.728827595710754395e-01,2.873878777027130127e-01,3.300222456455230713e-01,2.909147143363952637e-01,2.959779798984527588e-01,3.334745466709136963e-01,2.776660323143005371e-01,3.547558784484863281e-01,2.997935116291046143e-01,2.963757514953613281e-01,3.096083700656890869e-01,3.074031770229339600e-01,3.335921168327331543e-01,2.592050433158874512e-01,2.955743670463562012e-01,3.057735264301300049e-01,2.551987767219543457e-01,3.219355642795562744e-01,2.715995311737060547e-01,2.375093251466751099e-01,2.647225260734558105e-01,3.790086507797241211e-01,2.381989508867263794e-01,2.995849251747131348e-01,2.927387654781341553e-01,2.889649868011474609e-01,2.890698909759521484e-01,3.146864473819732666e-01,3.017297983169555664e-01,3.423011600971221924e-01,2.914776802062988281e-01,2.500837743282318115e-01,2.808683812618255615e-01,2.608578503131866455e-01,2.326588183641433716e-01,2.972520887851715088e-01,3.225768208503723145e-01,3.060966432094573975e-01,3.110220730304718018e-01,3.649227917194366455e-01,3.038397431373596191e-01,3.258288502693176270e-01,2.797425389289855957e-01,2.711336612701416016e-01,2.883674502372741699e-01,2.881591618061065674e-01,2.547469735145568848e-01,2.974262833595275879e-01,2.913083732128143311e-01,2.818906903266906738e-01,3.028202354907989502e-01,2.796128690242767334e-01,2.682371139526367188e-01,2.305339425802230835e-01,2.754139900207519531e-01,2.906377315521240234e-01,2.656533122062683105e-01,2.941032052040100098e-01,2.693741917610168457e-01,2.537979185581207275e-01,2.679027318954467773e-01,3.011425733566284180e-01,2.779645621776580811e-01,2.325247377157211304e-01,2.632736563682556152e-01,2.472852915525436401e-01,2.572012543678283691e-01,3.257712423801422119e-01,2.607558071613311768e-01,2.353010028600692749e-01,2.852213978767395020e-01,3.101763725280761719e-01,2.996874749660491943e-01,3.071328401565551758e-01,2.771148383617401123e-01,2.741761207580566406e-01,3.004248738288879395e-01,3.120119571685791016e-01,2.726422846317291260e-01,2.449609190225601196e-01,2.694606781005859375e-01,3.146179020404815674e-01,2.568109333515167236e-01,2.928124368190765381e-01,2.885488271713256836e-01,2.802521586418151855e-01,2.930182814598083496e-01,3.039307594299316406e-01,2.370825856924057007e-01,2.664455175399780273e-01,2.934871315956115723e-01,3.346619904041290283e-01,2.833507061004638672e-01,2.387361377477645874e-01,2.686008810997009277e-01,2.237993031740188599e-01,2.688923776149749756e-01,2.467664331197738647e-01,2.784751355648040771e-01,3.195442259311676025e-01,2.606164515018463135e-01,2.691486775875091553e-01,2.972242236137390137e-01,3.141807913780212402e-01,2.566494643688201904e-01,2.611279189586639404e-01,3.009603023529052734e-01,2.737317085266113281e-01,3.075356781482696533e-01,2.747911810874938965e-01,3.013150393962860107e-01,3.438983261585235596e-01,2.625626325607299805e-01,2.266454845666885376e-01,2.397135347127914429e-01,2.726470232009887695e-01,2.272783368825912476e-01,2.549611330032348633e-01,2.710030972957611084e-01,3.413839340209960938e-01,3.042550384998321533e-01,2.914742827415466309e-01,2.985892295837402344e-01,3.243759572505950928e-01,2.710933089256286621e-01,2.541524767875671387e-01,2.824435532093048096e-01,2.852200269699096680e-01,2.733586430549621582e-01,2.797916829586029053e-01,2.565876841545104980e-01,3.485061228275299072e-01,3.000208139419555664e-01,2.980500459671020508e-01,2.932070195674896240e-01,3.324053883552551270e-01,2.726650536060333252e-01,3.068330883979797363e-01,3.119938969612121582e-01,3.157132565975189209e-01,2.384224385023117065e-01,2.051005512475967407e-01,2.544763386249542236e-01,2.650187909603118896e-01,2.747692465782165527e-01,2.727815508842468262e-01,2.486584782600402832e-01,2.277784198522567749e-01,2.767202258110046387e-01,2.976123094558715820e-01,2.959667742252349854e-01,3.074771761894226074e-01,2.824184000492095947e-01,2.855155766010284424e-01,3.014208078384399414e-01,2.615073323249816895e-01,2.656379938125610352e-01,3.510502278804779053e-01,2.710758447647094727e-01,3.129975199699401855e-01,3.017692565917968750e-01,2.634154260158538818e-01,2.563747167587280273e-01,3.053851723670959473e-01,3.118129968643188477e-01,2.766900062561035156e-01,2.873101830482482910e-01,2.966822385787963867e-01,2.866263091564178467e-01,3.292875289916992188e-01,2.599833905696868896e-01,2.960374355316162109e-01,2.736380696296691895e-01,2.534157931804656982e-01,3.039421439170837402e-01,2.996574640274047852e-01,3.301033377647399902e-01,2.986066937446594238e-01,2.979066967964172363e-01,2.297043502330780029e-01,3.043511509895324707e-01,2.335865050554275513e-01,2.802518606185913086e-01,3.091340959072113037e-01,2.876470386981964111e-01,3.383231163024902344e-01,2.687488794326782227e-01,3.427085280418395996e-01,2.846176624298095703e-01,2.526664435863494873e-01,2.766465544700622559e-01,2.888618707656860352e-01,2.508929669857025146e-01,2.482161670923233032e-01,2.782226204872131348e-01,2.409067600965499878e-01,2.822809815406799316e-01,3.108164072036743164e-01,3.147944211959838867e-01,2.278354167938232422e-01,2.956284582614898682e-01,2.831496596336364746e-01,2.790260910987854004e-01,3.068782687187194824e-01,2.664800584316253662e-01,2.545465826988220215e-01,2.777359485626220703e-01,2.293137311935424805e-01,2.793571352958679199e-01,3.495640754699707031e-01,2.628733515739440918e-01,3.092424273490905762e-01,3.083349764347076416e-01,2.638893127441406250e-01,3.225078284740447998e-01,2.981460988521575928e-01,2.827896773815155029e-01,2.721871137619018555e-01,2.656583189964294434e-01,3.305996954441070557e-01,2.794435620307922363e-01,3.081388771533966064e-01,2.843068242073059082e-01,2.777941524982452393e-01,2.743856012821197510e-01,2.846457064151763916e-01,2.791074514389038086e-01,2.602839171886444092e-01,3.003484606742858887e-01,2.303856015205383301e-01,2.552454769611358643e-01,2.664636373519897461e-01,2.787245810031890869e-01,2.455049008131027222e-01,2.538446784019470215e-01,2.360350042581558228e-01,3.199796974658966064e-01,2.236486375331878662e-01,2.892069816589355469e-01,3.442209959030151367e-01,2.586165368556976318e-01,3.274708986282348633e-01,2.519799172878265381e-01,2.686445713043212891e-01,2.883646190166473389e-01,2.782375216484069824e-01,2.513287365436553955e-01,2.956987023353576660e-01,2.889178395271301270e-01,3.489884138107299805e-01,2.866892218589782715e-01,2.509402334690093994e-01,3.053310215473175049e-01,2.880938947200775146e-01,3.563427329063415527e-01,3.014619648456573486e-01,2.783968448638916016e-01,2.951900064945220947e-01,3.221413791179656982e-01,2.646813094615936279e-01,2.819575667381286621e-01,2.600308656692504883e-01,3.224282860755920410e-01,3.187996745109558105e-01,2.529083490371704102e-01,3.579240441322326660e-01,2.703406512737274170e-01,3.159652650356292725e-01,2.806244194507598877e-01,2.718662917613983154e-01,2.516339421272277832e-01,2.866829037666320801e-01,2.718354165554046631e-01,3.532994687557220459e-01,2.921362519264221191e-01,2.837633788585662842e-01,2.908282279968261719e-01,1.968315988779067993e-01,2.737589478492736816e-01,2.982148230075836182e-01,2.800427675247192383e-01,2.908557653427124023e-01,2.457790821790695190e-01,3.002212643623352051e-01,2.903079390525817871e-01,2.638654708862304688e-01,2.796897292137145996e-01,2.898575961589813232e-01,2.443028390407562256e-01,2.355137616395950317e-01,2.757440209388732910e-01,2.867712676525115967e-01,2.849659919738769531e-01,2.750294804573059082e-01,2.574537098407745361e-01,3.255537450313568115e-01,2.601290047168731689e-01,2.815210819244384766e-01,2.794205546379089355e-01,2.842995524406433105e-01,2.792991697788238525e-01,3.337073624134063721e-01,2.776814699172973633e-01,2.634815573692321777e-01,2.866035997867584229e-01,3.388220071792602539e-01,2.642300426959991455e-01,2.650413513183593750e-01,2.883719205856323242e-01,2.818343639373779297e-01,2.229872196912765503e-01,3.267442286014556885e-01,2.982771694660186768e-01,3.048759996891021729e-01,2.815268635749816895e-01,3.057949244976043701e-01,3.165853321552276611e-01,2.693887054920196533e-01,2.809730768203735352e-01,2.961563169956207275e-01,2.896781563758850098e-01,2.538805007934570312e-01,2.843837440013885498e-01,2.976598441600799561e-01,2.846002876758575439e-01,2.780920267105102539e-01,2.834728360176086426e-01,2.437653392553329468e-01,2.239023447036743164e-01,2.587218284606933594e-01,3.289176225662231445e-01,2.946512699127197266e-01,3.600266575813293457e-01,2.956382036209106445e-01,2.857590317726135254e-01,2.701300382614135742e-01,2.674409747123718262e-01,2.170970439910888672e-01,2.619662880897521973e-01,3.287497460842132568e-01,2.603316009044647217e-01,2.976463437080383301e-01,3.058639466762542725e-01,2.821903824806213379e-01,2.847200632095336914e-01,2.709541320800781250e-01,3.130856752395629883e-01,2.585236430168151855e-01,2.886542975902557373e-01,2.958552241325378418e-01,2.579656541347503662e-01,3.052664101123809814e-01,2.654396891593933105e-01,3.198500573635101318e-01,3.070518374443054199e-01,2.593974769115447998e-01,2.810326516628265381e-01,2.246183007955551147e-01,2.968948483467102051e-01,3.306894004344940186e-01,2.803045511245727539e-01,2.623389363288879395e-01,2.528537213802337646e-01,2.824529409408569336e-01,3.055552244186401367e-01,3.287115097045898438e-01,2.537161111831665039e-01,2.870368361473083496e-01,2.858149111270904541e-01,2.756885886192321777e-01,2.702402472496032715e-01,2.432080358266830444e-01,2.582276463508605957e-01,3.076309561729431152e-01,2.766960859298706055e-01,2.745863795280456543e-01,2.618756890296936035e-01,2.623431980609893799e-01,2.858078181743621826e-01,2.582382857799530029e-01,2.828492820262908936e-01,2.843167781829833984e-01,2.705222070217132568e-01,3.302057981491088867e-01,2.492131441831588745e-01,2.815333604812622070e-01,2.953313291072845459e-01,2.911844253540039062e-01,2.947691679000854492e-01,2.433963119983673096e-01,2.549052238464355469e-01,2.892054021358489990e-01,3.354318737983703613e-01,2.735340893268585205e-01,2.778112590312957764e-01,2.670135796070098877e-01,2.939732670783996582e-01,2.348623722791671753e-01,2.970262765884399414e-01,3.039703965187072754e-01,2.745100855827331543e-01,2.306169718503952026e-01,2.519317865371704102e-01,2.546794712543487549e-01,2.671633660793304443e-01,2.733006179332733154e-01,2.251540273427963257e-01,2.790785431861877441e-01,2.966170907020568848e-01,2.864160537719726562e-01,2.397877275943756104e-01,2.789250016212463379e-01,2.729509472846984863e-01,2.985728979110717773e-01,2.390455454587936401e-01,2.994745373725891113e-01,2.705239355564117432e-01,2.842557430267333984e-01,3.037945926189422607e-01,2.620776593685150146e-01,2.631811201572418213e-01,2.878828644752502441e-01,2.849067449569702148e-01,2.756244242191314697e-01,2.657442390918731689e-01,2.825011014938354492e-01,2.858658432960510254e-01,3.114820718765258789e-01,2.749641537666320801e-01,3.386794924736022949e-01,2.738822996616363525e-01,2.855836749076843262e-01,3.029663562774658203e-01,2.929670214653015137e-01,3.127036690711975098e-01,2.802085280418395996e-01,2.690434455871582031e-01,2.833860814571380615e-01,2.492107301950454712e-01,2.879035174846649170e-01,2.383111566305160522e-01,3.204573988914489746e-01,2.479329854249954224e-01,2.719544470310211182e-01,2.526434659957885742e-01,2.795435190200805664e-01,2.666474580764770508e-01,3.198309540748596191e-01,3.167164921760559082e-01,2.928959727287292480e-01,2.570854425430297852e-01,2.684457004070281982e-01,2.560245692729949951e-01,2.483563125133514404e-01,2.786990404129028320e-01,2.761289477348327637e-01,3.290687203407287598e-01,2.943240404129028320e-01,3.250412344932556152e-01,2.672217190265655518e-01,2.789766192436218262e-01,2.920574843883514404e-01,2.069325000047683716e-01,3.019642233848571777e-01,2.794118821620941162e-01,2.669838666915893555e-01,2.884138226509094238e-01,2.733726501464843750e-01,2.915636897087097168e-01,3.057076632976531982e-01,2.642517387866973877e-01,2.713963687419891357e-01,2.631856799125671387e-01,2.497645765542984009e-01,2.742174565792083740e-01,2.665913105010986328e-01,2.877899408340454102e-01,2.893627882003784180e-01,2.744894623756408691e-01,3.027240633964538574e-01,2.747116684913635254e-01,2.825180292129516602e-01,3.501098155975341797e-01,2.599999010562896729e-01,3.035728931427001953e-01,2.867783308029174805e-01,2.510815560817718506e-01,2.996931076049804688e-01,3.084941208362579346e-01,2.863884270191192627e-01,2.672133147716522217e-01,2.772623896598815918e-01,2.704916000366210938e-01,2.825473845005035400e-01,2.620323002338409424e-01,2.780451178550720215e-01,2.743072509765625000e-01,2.622247934341430664e-01,3.091888427734375000e-01,3.442453145980834961e-01,2.599113285541534424e-01,3.137390613555908203e-01,3.057577610015869141e-01,2.867091298103332520e-01,2.380790561437606812e-01,2.500520050525665283e-01,2.629492282867431641e-01,2.963216900825500488e-01,2.656756639480590820e-01,2.769052982330322266e-01,3.143551349639892578e-01,2.673760652542114258e-01,2.912001013755798340e-01,2.600956857204437256e-01,2.888637483119964600e-01,3.055674433708190918e-01,2.681778371334075928e-01,2.765310406684875488e-01,4.004006683826446533e-01,2.932273149490356445e-01,3.039503097534179688e-01,2.745295763015747070e-01,2.356196492910385132e-01,2.528046667575836182e-01,2.985184788703918457e-01,2.765283584594726562e-01,2.468212693929672241e-01,2.612542212009429932e-01,2.860295772552490234e-01,2.647803425788879395e-01,2.462173849344253540e-01,2.973700463771820068e-01,2.579533159732818604e-01,2.947004437446594238e-01,3.020720481872558594e-01,2.654707133769989014e-01,2.619076073169708252e-01,2.959651947021484375e-01,2.438520342111587524e-01,2.806168794631958008e-01,3.229228258132934570e-01,2.805309295654296875e-01,2.732142210006713867e-01,3.110827803611755371e-01,2.773973345756530762e-01,2.835949659347534180e-01,2.491898238658905029e-01,3.486833572387695312e-01,2.793876528739929199e-01,2.219744473695755005e-01,2.658891081809997559e-01,2.665687203407287598e-01,2.680085599422454834e-01,2.162077575922012329e-01,2.789796888828277588e-01,3.163404464721679688e-01,2.603616416454315186e-01,2.952083945274353027e-01,2.597050666809082031e-01,2.688294649124145508e-01,2.536187469959259033e-01,2.612040638923645020e-01,2.569065392017364502e-01,3.004987239837646484e-01,2.679433822631835938e-01,3.130370080471038818e-01,2.651599049568176270e-01,2.663743793964385986e-01,3.187076449394226074e-01,2.478311955928802490e-01,2.710515856742858887e-01,2.770010828971862793e-01,2.782805860042572021e-01,3.256737589836120605e-01,2.453713566064834595e-01,2.458585351705551147e-01,2.906851172447204590e-01,2.797030210494995117e-01,2.750627398490905762e-01,2.516016662120819092e-01,2.473947703838348389e-01,2.633225023746490479e-01,3.237952589988708496e-01,2.634899318218231201e-01,2.879039645195007324e-01,3.088064491748809814e-01,3.451411724090576172e-01,3.493537306785583496e-01,2.768617868423461914e-01,3.064929544925689697e-01,2.588640749454498291e-01,3.186197280883789062e-01,2.897390425205230713e-01,2.504211962223052979e-01,2.586762905120849609e-01,2.698246538639068604e-01,3.312778770923614502e-01,2.567133903503417969e-01,2.897346913814544678e-01,2.675118446350097656e-01,2.663209736347198486e-01,2.420669943094253540e-01,3.002237975597381592e-01,3.080243468284606934e-01,2.840757369995117188e-01,3.280290067195892334e-01,3.162807226181030273e-01,3.289382457733154297e-01,3.050751686096191406e-01,3.198516368865966797e-01,2.726741731166839600e-01,2.676417231559753418e-01,2.687004506587982178e-01,2.910469770431518555e-01,2.294336408376693726e-01,3.076501488685607910e-01,2.775868475437164307e-01,2.342569231986999512e-01,3.062279224395751953e-01,2.700819969177246094e-01,2.306284159421920776e-01,2.448913902044296265e-01,2.794084548950195312e-01,3.363745212554931641e-01,2.952733039855957031e-01,3.214495480060577393e-01,2.783470153808593750e-01,3.215410709381103516e-01,2.783689796924591064e-01,2.892278730869293213e-01,2.520206272602081299e-01,2.789268195629119873e-01,2.920827567577362061e-01,2.742377221584320068e-01,2.609483301639556885e-01,2.733072042465209961e-01,3.070688247680664062e-01,3.138810992240905762e-01,3.011305630207061768e-01,2.644706964492797852e-01,2.919262647628784180e-01,3.054093718528747559e-01,2.657632231712341309e-01,3.161038756370544434e-01,3.465612530708312988e-01,3.236199021339416504e-01,2.974190711975097656e-01,2.946906089782714844e-01,3.319131731986999512e-01,2.607012093067169189e-01,3.305232226848602295e-01,3.518007695674896240e-01,3.246415555477142334e-01,3.225858211517333984e-01,2.186723202466964722e-01,3.010949492454528809e-01,2.959668636322021484e-01,2.374996691942214966e-01,2.759619653224945068e-01,2.852141261100769043e-01,2.881605327129364014e-01,2.974476218223571777e-01,2.992701530456542969e-01,3.362345099449157715e-01,3.124535679817199707e-01,2.485096305608749390e-01,2.694090604782104492e-01,3.278265595436096191e-01,2.700248360633850098e-01,3.033114075660705566e-01,2.682302594184875488e-01,2.735875248908996582e-01,2.895204424858093262e-01,2.887708544731140137e-01,2.849891185760498047e-01,3.561648130416870117e-01,2.886100709438323975e-01,2.679972052574157715e-01,2.783475816249847412e-01,2.970827817916870117e-01,2.219136506319046021e-01,2.923835515975952148e-01,2.938858866691589355e-01,2.757154405117034912e-01,2.816094458103179932e-01,3.083548545837402344e-01,3.225730061531066895e-01,2.948588132858276367e-01,2.908204793930053711e-01,2.742366492748260498e-01,2.684836387634277344e-01,2.679245471954345703e-01,2.852479219436645508e-01,2.573790848255157471e-01,2.805480957031250000e-01,2.440274357795715332e-01,2.786026000976562500e-01,2.981576323509216309e-01,2.854118943214416504e-01,2.766321301460266113e-01,3.247607350349426270e-01,3.355714380741119385e-01,2.939580082893371582e-01,2.636158764362335205e-01,2.780357003211975098e-01,2.714331150054931641e-01,2.826112210750579834e-01,2.449161112308502197e-01,2.723379731178283691e-01,3.075621426105499268e-01,2.850871384143829346e-01,2.615944743156433105e-01,2.520947456359863281e-01,2.920727431774139404e-01,2.621939480304718018e-01,2.584538459777832031e-01,2.689957916736602783e-01,2.788897752761840820e-01,3.124152421951293945e-01,2.874431014060974121e-01,3.041465580463409424e-01,2.805443406105041504e-01,3.045992851257324219e-01,2.900549769401550293e-01,2.786920070648193359e-01,2.903501391410827637e-01,3.104974329471588135e-01,2.351964265108108521e-01,2.857885360717773438e-01,3.232403397560119629e-01,2.419446855783462524e-01,2.670343518257141113e-01,2.916632294654846191e-01,3.336400389671325684e-01,2.543752193450927734e-01,3.099451959133148193e-01,3.641567826271057129e-01,3.498430848121643066e-01,2.585438489913940430e-01,2.724825143814086914e-01,2.680144906044006348e-01,2.596967518329620361e-01,3.239474892616271973e-01,2.630344629287719727e-01,2.649715244770050049e-01,3.090767860412597656e-01,2.565695345401763916e-01,3.084983229637145996e-01,3.245215415954589844e-01,2.103290110826492310e-01,2.612774074077606201e-01,2.809224724769592285e-01,2.582130730152130127e-01,2.741785347461700439e-01,2.538962066173553467e-01,2.957868576049804688e-01,2.765786945819854736e-01,3.062578439712524414e-01,3.205613493919372559e-01,3.224058747291564941e-01,2.776364386081695557e-01,2.622503936290740967e-01,3.215261101722717285e-01,2.645490765571594238e-01,3.039583563804626465e-01,2.815806865692138672e-01,3.143534064292907715e-01,3.206092119216918945e-01,2.936409711837768555e-01,2.589126825332641602e-01,2.962614893913269043e-01,3.071062564849853516e-01,3.460625410079956055e-01,2.650139033794403076e-01,2.333514988422393799e-01,3.328571915626525879e-01,3.163943886756896973e-01,2.638442218303680420e-01,2.796166539192199707e-01,3.036413192749023438e-01,2.560538947582244873e-01,2.703803181648254395e-01,3.085174560546875000e-01,2.848718762397766113e-01,3.486751914024353027e-01,3.052843511104583740e-01,2.868154942989349365e-01,2.737961113452911377e-01,2.954353690147399902e-01,2.812975049018859863e-01,2.916608750820159912e-01,3.064080178737640381e-01,2.517373263835906982e-01,2.993553280830383301e-01,2.861977815628051758e-01,3.291946649551391602e-01,2.341739982366561890e-01,2.782843708992004395e-01,2.497187107801437378e-01,2.572858631610870361e-01,2.467491775751113892e-01,2.819195389747619629e-01,3.005759418010711670e-01,2.652090191841125488e-01,3.080371618270874023e-01,2.489530891180038452e-01,2.556166946887969971e-01,2.788681983947753906e-01,2.714535593986511230e-01,2.930604219436645508e-01,2.822274565696716309e-01,2.878917455673217773e-01,3.094341754913330078e-01,3.065225481986999512e-01,2.335871309041976929e-01,2.907319366931915283e-01,2.568472921848297119e-01,2.593075335025787354e-01,2.460945397615432739e-01,2.336113601922988892e-01,2.486600726842880249e-01,2.562770843505859375e-01,3.098318576812744141e-01,2.694098353385925293e-01,2.715201079845428467e-01,2.789812088012695312e-01,3.210667371749877930e-01,3.238202929496765137e-01,2.455904632806777954e-01,3.058689534664154053e-01,2.295594066381454468e-01,3.233379125595092773e-01,2.778353393077850342e-01,3.619458675384521484e-01,2.742614746093750000e-01,2.577235996723175049e-01,2.947788238525390625e-01,3.399110436439514160e-01,2.740711271762847900e-01,2.934814095497131348e-01,2.777948081493377686e-01,2.583622932434082031e-01,2.878291010856628418e-01,2.861693501472473145e-01,2.954180836677551270e-01,2.844354808330535889e-01,2.538210749626159668e-01,2.402822226285934448e-01,2.866818308830261230e-01,2.715768814086914062e-01,2.622894346714019775e-01,2.844592034816741943e-01,2.725761532783508301e-01,2.882068753242492676e-01,2.040333598852157593e-01,3.170390427112579346e-01,3.111033439636230469e-01,2.473410815000534058e-01,2.645954489707946777e-01,2.727854251861572266e-01,2.869257628917694092e-01,2.894334793090820312e-01,3.383852839469909668e-01,2.634227573871612549e-01,3.004088997840881348e-01,2.885940670967102051e-01,3.317908644676208496e-01,3.065547943115234375e-01,2.315619438886642456e-01,3.231043517589569092e-01,3.145151138305664062e-01,2.574602961540222168e-01,2.922253906726837158e-01,2.509687542915344238e-01,2.826282978057861328e-01,2.013444453477859497e-01,2.587641179561614990e-01,2.915759086608886719e-01,2.607934176921844482e-01,2.816740572452545166e-01,2.754251956939697266e-01,2.146191745996475220e-01,2.708989977836608887e-01,2.477785795927047729e-01,2.702159583568572998e-01,2.988688051700592041e-01,3.315039873123168945e-01,3.421334624290466309e-01,2.671201527118682861e-01,2.701678276062011719e-01,2.710232734680175781e-01,2.483436018228530884e-01,3.549432456493377686e-01,2.630765736103057861e-01,2.559885978698730469e-01,3.128786981105804443e-01,2.529261708259582520e-01,2.325458973646163940e-01,2.884127497673034668e-01,2.692122161388397217e-01,2.696541547775268555e-01,2.632449567317962646e-01,2.635940313339233398e-01,3.469159007072448730e-01,2.969139814376831055e-01,2.624742984771728516e-01,3.039121627807617188e-01,2.693969309329986572e-01,2.553809583187103271e-01,2.956582903861999512e-01,2.961972355842590332e-01,3.052440285682678223e-01,3.240832090377807617e-01,2.815527319908142090e-01,2.286861985921859741e-01,3.225132822990417480e-01,2.768450975418090820e-01,2.929442822933197021e-01,3.155140876770019531e-01,3.031540513038635254e-01,3.171260952949523926e-01,2.566173970699310303e-01,2.490247935056686401e-01,3.403453826904296875e-01,2.828977108001708984e-01,3.381415009498596191e-01,2.318772524595260620e-01,3.376354575157165527e-01,3.023743629455566406e-01,2.743243575096130371e-01,2.820261120796203613e-01,3.712547421455383301e-01,2.701976895332336426e-01,2.975551187992095947e-01,2.794897556304931641e-01,3.186666965484619141e-01,3.347063064575195312e-01,3.190534412860870361e-01,2.656535208225250244e-01,2.899884581565856934e-01,2.637125253677368164e-01,2.967963516712188721e-01,3.180043697357177734e-01,3.288705050945281982e-01,2.626484632492065430e-01,2.511652410030364990e-01,2.214069515466690063e-01,2.644609212875366211e-01,2.814439833164215088e-01,2.747476398944854736e-01,2.602300047874450684e-01,2.529112100601196289e-01,3.242101073265075684e-01,2.769421041011810303e-01,2.568153738975524902e-01,2.623065710067749023e-01,3.347997367382049561e-01,2.945782542228698730e-01,2.548691034317016602e-01,2.287736684083938599e-01,2.850710749626159668e-01,2.450233101844787598e-01,2.984097599983215332e-01,2.627962827682495117e-01,2.802250683307647705e-01,2.578578591346740723e-01,3.035383820533752441e-01,3.142992258071899414e-01,2.978639006614685059e-01,2.380579560995101929e-01,3.270007967948913574e-01,2.683658301830291748e-01,2.870821356773376465e-01,3.465662002563476562e-01,2.471654564142227173e-01,2.807051241397857666e-01,2.744168639183044434e-01,3.120701014995574951e-01,2.932642102241516113e-01,2.612793445587158203e-01,2.822942137718200684e-01,2.661598324775695801e-01,2.456210404634475708e-01,2.865818738937377930e-01,2.922368943691253662e-01,3.268687725067138672e-01,3.035428524017333984e-01,2.985075712203979492e-01,2.840646505355834961e-01,2.805761396884918213e-01,2.440202385187149048e-01,2.755276858806610107e-01,2.977646589279174805e-01,2.247970253229141235e-01,3.296636343002319336e-01,2.609289288520812988e-01,3.087601661682128906e-01,3.562829494476318359e-01,2.947255074977874756e-01,2.870694696903228760e-01,2.871822118759155273e-01,2.661994695663452148e-01,2.557438313961029053e-01,2.584906816482543945e-01,3.179117143154144287e-01,3.147592544555664062e-01,3.212814927101135254e-01,2.447252571582794189e-01,2.679246068000793457e-01,2.656794190406799316e-01,2.616058886051177979e-01,2.637439966201782227e-01,3.062514960765838623e-01,2.663865089416503906e-01,2.330190688371658325e-01,2.356974929571151733e-01,2.703096568584442139e-01,2.739198505878448486e-01,2.518244385719299316e-01,3.291643261909484863e-01,2.841248810291290283e-01,2.823240756988525391e-01,2.798505127429962158e-01,2.738326489925384521e-01,2.840448617935180664e-01,2.962904572486877441e-01,2.725268304347991943e-01,2.726527452468872070e-01,2.861919701099395752e-01,2.491462230682373047e-01,2.729611098766326904e-01,2.736211121082305908e-01,2.706524133682250977e-01,3.088000416755676270e-01,2.658334374427795410e-01,2.678397893905639648e-01,2.765007615089416504e-01,3.071591854095458984e-01,2.953335344791412354e-01,2.760029733180999756e-01,2.415239214897155762e-01,3.431865274906158447e-01,2.502672374248504639e-01,3.143781423568725586e-01,2.909588217735290527e-01,2.253445386886596680e-01,2.605903148651123047e-01,2.921944856643676758e-01,2.699062824249267578e-01,2.964425981044769287e-01,3.266050219535827637e-01,3.196604251861572266e-01,2.836202383041381836e-01,2.354304939508438110e-01,3.251097798347473145e-01,2.204245924949645996e-01,2.546092867851257324e-01,2.877200245857238770e-01,2.832436561584472656e-01,2.330686599016189575e-01,2.562497854232788086e-01,2.729592919349670410e-01,3.137542605400085449e-01,3.549215793609619141e-01,2.785666584968566895e-01,2.412747591733932495e-01,3.003311753273010254e-01,2.638547420501708984e-01,2.894181013107299805e-01,2.769939005374908447e-01,3.304392695426940918e-01,3.313241600990295410e-01,2.524623274803161621e-01,2.737836539745330811e-01,2.445561736822128296e-01,3.111174106597900391e-01,3.005575537681579590e-01,2.767983078956604004e-01,2.665466070175170898e-01,3.029983639717102051e-01,3.360465764999389648e-01,2.658203840255737305e-01,2.815897166728973389e-01,2.657828330993652344e-01,2.913058996200561523e-01,2.813817560672760010e-01,2.708437740802764893e-01,2.999094128608703613e-01,3.006575107574462891e-01,2.647268474102020264e-01,2.677027285099029541e-01,2.635529935359954834e-01,3.509690761566162109e-01,2.715882956981658936e-01,3.546166718006134033e-01,2.901442348957061768e-01,2.761929631233215332e-01,3.064962625503540039e-01,2.675135731697082520e-01,2.700220346450805664e-01,2.811363041400909424e-01,3.282188177108764648e-01,2.787998914718627930e-01,2.597648799419403076e-01,2.725324630737304688e-01,2.811758518218994141e-01,2.694746851921081543e-01,2.725229859352111816e-01,2.982453107833862305e-01,3.123172521591186523e-01,2.281031906604766846e-01,2.454639524221420288e-01,2.865016460418701172e-01,2.545820474624633789e-01,2.922341227531433105e-01,2.513935863971710205e-01,2.718303203582763672e-01,2.815427780151367188e-01,2.316834479570388794e-01,2.198341637849807739e-01,3.001309037208557129e-01,3.191984295845031738e-01,2.502895295619964600e-01,3.011555671691894531e-01,2.550246119499206543e-01,2.389859110116958618e-01,2.770000696182250977e-01,2.731743156909942627e-01,3.109166026115417480e-01,2.728198766708374023e-01,2.614296972751617432e-01,3.143611550331115723e-01,2.732548415660858154e-01,2.978219091892242432e-01,2.592221796512603760e-01,2.500843107700347900e-01,2.879287004470825195e-01,3.058242201805114746e-01,3.229516446590423584e-01,3.087595999240875244e-01,2.823352813720703125e-01,2.232911139726638794e-01,2.557686269283294678e-01,2.673626244068145752e-01,2.852300703525543213e-01,3.259201049804687500e-01,2.756674587726593018e-01,2.939583659172058105e-01,2.617193758487701416e-01,2.722290754318237305e-01,2.995471656322479248e-01,3.307231664657592773e-01,2.222726494073867798e-01,2.834718823432922363e-01,3.251170516014099121e-01,2.912381887435913086e-01,3.278011679649353027e-01,2.697621583938598633e-01,2.743349671363830566e-01,3.228740096092224121e-01,2.866036295890808105e-01,2.850701212882995605e-01,2.889348864555358887e-01,3.217939138412475586e-01,2.584873735904693604e-01,2.658683359622955322e-01,3.139620423316955566e-01,2.580090761184692383e-01,2.058704942464828491e-01,3.310957551002502441e-01,2.788684368133544922e-01,2.971118688583374023e-01,3.264228999614715576e-01,2.568262517452239990e-01,2.829567193984985352e-01,2.669710516929626465e-01,3.123856484889984131e-01,3.220267891883850098e-01,2.696204781532287598e-01,3.020006120204925537e-01,3.211079835891723633e-01,2.782653570175170898e-01,2.340803891420364380e-01,2.667229473590850830e-01,2.673409283161163330e-01,2.501207888126373291e-01,2.659701406955718994e-01,2.929623126983642578e-01,2.505634129047393799e-01,3.080043792724609375e-01,2.707108855247497559e-01,2.716345191001892090e-01,2.499793022871017456e-01,2.606593668460845947e-01,2.679345607757568359e-01,2.491440623998641968e-01,2.803217172622680664e-01,3.195320367813110352e-01,2.738387286663055420e-01,2.954291105270385742e-01,2.622675299644470215e-01,2.549988329410552979e-01,2.608013451099395752e-01,2.906409800052642822e-01,2.748943269252777100e-01,3.364978134632110596e-01,2.784396111965179443e-01,3.269301652908325195e-01,2.959872484207153320e-01,3.288764357566833496e-01,2.756392955780029297e-01,2.539603114128112793e-01,2.587417662143707275e-01,2.547391653060913086e-01,2.856618762016296387e-01,2.759730517864227295e-01,2.556427121162414551e-01,2.955584526062011719e-01,2.661366164684295654e-01,2.421337664127349854e-01,2.673397064208984375e-01,2.627150118350982666e-01,3.141736090183258057e-01,2.425938099622726440e-01,2.939630746841430664e-01,2.721382379531860352e-01,2.743167281150817871e-01,2.926654219627380371e-01,2.712665200233459473e-01,2.404271662235260010e-01,3.230614662170410156e-01,2.993831932544708252e-01,2.437862306833267212e-01,3.066206276416778564e-01,2.786590754985809326e-01,2.681571841239929199e-01,3.620271086692810059e-01,3.310419321060180664e-01,2.759473025798797607e-01,2.467881590127944946e-01,2.690570056438446045e-01,2.592481672763824463e-01,2.444518357515335083e-01,3.043121695518493652e-01,3.044633269309997559e-01,2.466328293085098267e-01,3.094742894172668457e-01,2.665729522705078125e-01,2.510176301002502441e-01,2.361177355051040649e-01,3.016719818115234375e-01,2.442687898874282837e-01,3.069033026695251465e-01,2.804286479949951172e-01,2.726916670799255371e-01,2.512791454792022705e-01,2.711914777755737305e-01,2.990163564682006836e-01,2.805250585079193115e-01,3.341271877288818359e-01,2.969772517681121826e-01,2.566814720630645752e-01,3.327407836914062500e-01,3.021230697631835938e-01,2.289632558822631836e-01,2.918216586112976074e-01,3.358052372932434082e-01,2.623921632766723633e-01,3.045949339866638184e-01,3.324565291404724121e-01,3.059735298156738281e-01,2.876487970352172852e-01,2.769198417663574219e-01,2.780279517173767090e-01,2.609370052814483643e-01,2.773057520389556885e-01,2.657079696655273438e-01,3.064637780189514160e-01,2.597261667251586914e-01,2.939490675926208496e-01,2.811256945133209229e-01,3.435127735137939453e-01,2.047005742788314819e-01,2.921473979949951172e-01,2.850515246391296387e-01,2.451459467411041260e-01,2.455961257219314575e-01,2.940533459186553955e-01,2.650910913944244385e-01,2.389997988939285278e-01,3.072408437728881836e-01,2.576992511749267578e-01,2.657705247402191162e-01,2.426819354295730591e-01,3.028490841388702393e-01,2.722235321998596191e-01,2.501541078090667725e-01,2.855463027954101562e-01,2.729005515575408936e-01,2.848769426345825195e-01,2.800634801387786865e-01,2.953011691570281982e-01,2.836953401565551758e-01,2.891202569007873535e-01,3.328831791877746582e-01,2.641513049602508545e-01,2.996746003627777100e-01,3.331856131553649902e-01,3.248215317726135254e-01,2.965635657310485840e-01,3.311282694339752197e-01,2.561145126819610596e-01,2.748513817787170410e-01,2.666288018226623535e-01,3.067539334297180176e-01,3.169933557510375977e-01,3.081480860710144043e-01,2.850694954395294189e-01,2.924924492835998535e-01,2.610174119472503662e-01,2.872277498245239258e-01,2.323506176471710205e-01,2.613750100135803223e-01,3.583260774612426758e-01,3.238052129745483398e-01,2.812410593032836914e-01,2.634535729885101318e-01,3.078732490539550781e-01,3.088560700416564941e-01,2.533828616142272949e-01,2.684362530708312988e-01,2.607361078262329102e-01,2.596138715744018555e-01,2.836548984050750732e-01,2.663755118846893311e-01,3.090822398662567139e-01,2.350947111845016479e-01,2.995648384094238281e-01,2.896497845649719238e-01,3.069881796836853027e-01,2.964446544647216797e-01,2.520799934864044189e-01,2.583970725536346436e-01,2.848054170608520508e-01,2.924311757087707520e-01,3.023177981376647949e-01,3.160269558429718018e-01,2.867193818092346191e-01,2.905228137969970703e-01,2.464819997549057007e-01,3.323377668857574463e-01,3.034572005271911621e-01,2.769403159618377686e-01,2.852883338928222656e-01,2.804920971393585205e-01,2.696541845798492432e-01,2.407038062810897827e-01,2.543227374553680420e-01,3.321106433868408203e-01,2.884485423564910889e-01,3.377987444400787354e-01,2.423092126846313477e-01,2.812219262123107910e-01,2.596118152141571045e-01,2.810798287391662598e-01,2.799736559391021729e-01,3.269649147987365723e-01,2.679181993007659912e-01,2.485711723566055298e-01,2.914549112319946289e-01,2.794370055198669434e-01,2.648546695709228516e-01,2.887964546680450439e-01,2.800779044628143311e-01,2.933319211006164551e-01,2.286929935216903687e-01,2.640610635280609131e-01,3.055432438850402832e-01,2.659096121788024902e-01,3.058402538299560547e-01,2.734168171882629395e-01,2.788903415203094482e-01,2.479145377874374390e-01,3.068827688694000244e-01,3.139635324478149414e-01,3.313609361648559570e-01,2.742630243301391602e-01,3.192744851112365723e-01,3.422736823558807373e-01,2.652109265327453613e-01,2.365279048681259155e-01,2.974832653999328613e-01,2.631411850452423096e-01,2.919237315654754639e-01,2.964211702346801758e-01,2.950469255447387695e-01,2.629145085811614990e-01,3.065839409828186035e-01,2.864412665367126465e-01,2.850556373596191406e-01,2.876065969467163086e-01,3.275130987167358398e-01,2.908911406993865967e-01,3.007600903511047363e-01,2.745802998542785645e-01,3.525767922401428223e-01,2.583315074443817139e-01,2.507132291793823242e-01,3.015154600143432617e-01,2.561111450195312500e-01,2.926970124244689941e-01,2.716834247112274170e-01,3.138141036033630371e-01,2.857231199741363525e-01,3.350931704044342041e-01,2.548804283142089844e-01,2.904798090457916260e-01,2.858746051788330078e-01,2.899720072746276855e-01,2.721313238143920898e-01,2.649900615215301514e-01,3.526726365089416504e-01,2.184900194406509399e-01,2.908719182014465332e-01,3.083232045173645020e-01,2.830142974853515625e-01,2.599513530731201172e-01,2.395324409008026123e-01,2.677156925201416016e-01,2.343909293413162231e-01,2.538228034973144531e-01,2.134317606687545776e-01,3.138278722763061523e-01,2.577576935291290283e-01,3.108187317848205566e-01,3.041775822639465332e-01,2.539099454879760742e-01,2.747811377048492432e-01,2.881218492984771729e-01,2.447203248739242554e-01,3.019944429397583008e-01,2.226388007402420044e-01,2.809111177921295166e-01,2.858886122703552246e-01,3.330275118350982666e-01,2.924938201904296875e-01,3.224654495716094971e-01,2.943170666694641113e-01,3.457621932029724121e-01,2.400396913290023804e-01,2.900276184082031250e-01,2.590523958206176758e-01,2.372099161148071289e-01,3.110730350017547607e-01,2.778855562210083008e-01,2.617368102073669434e-01,3.018016517162322998e-01,2.454018890857696533e-01,2.748580873012542725e-01,2.954636812210083008e-01,2.866776585578918457e-01,2.727422118186950684e-01,2.619249224662780762e-01,2.811610996723175049e-01,2.855359017848968506e-01,3.267963528633117676e-01,2.595664262771606445e-01,3.008916676044464111e-01,2.837234735488891602e-01,2.750112414360046387e-01,2.812426090240478516e-01,2.290240675210952759e-01,2.262649983167648315e-01,2.867333292961120605e-01,2.512874603271484375e-01,2.824324071407318115e-01,2.943140864372253418e-01,3.208857774734497070e-01,2.855560779571533203e-01,2.673940658569335938e-01,2.952311933040618896e-01,3.055116534233093262e-01,2.818404436111450195e-01,2.417148500680923462e-01,2.635456025600433350e-01,3.075549006462097168e-01,2.919035255908966064e-01,3.098126649856567383e-01,2.797532081604003906e-01,2.666226625442504883e-01,2.530334889888763428e-01,2.714602947235107422e-01,2.760511636734008789e-01,3.417855203151702881e-01,2.721807658672332764e-01,3.460044860839843750e-01,2.893556356430053711e-01,2.997590005397796631e-01,3.103126585483551025e-01,2.616679072380065918e-01,3.101925849914550781e-01,2.624477744102478027e-01,2.987605333328247070e-01,2.643292248249053955e-01,3.352290689945220947e-01,3.222636580467224121e-01,2.924756407737731934e-01,2.776635289192199707e-01,3.283344507217407227e-01,3.125843405723571777e-01,2.917470932006835938e-01,3.054288029670715332e-01,2.768803834915161133e-01,3.146592080593109131e-01,3.342238962650299072e-01,2.668784856796264648e-01,3.071022629737854004e-01,2.442076802253723145e-01,2.533712089061737061e-01,3.434256315231323242e-01,2.603942155838012695e-01,2.679689228534698486e-01,2.693979740142822266e-01,2.399639636278152466e-01,3.318409323692321777e-01,2.689173817634582520e-01,2.833912372589111328e-01,2.946535944938659668e-01,2.636694312095642090e-01,3.271059393882751465e-01,2.507382631301879883e-01,3.197447061538696289e-01,3.043324351310729980e-01,3.093803822994232178e-01,2.689574062824249268e-01,2.998472452163696289e-01,2.591932415962219238e-01,2.875259816646575928e-01,3.132805228233337402e-01,2.799874246120452881e-01,2.567782700061798096e-01,2.678597569465637207e-01,3.142012953758239746e-01,2.939609885215759277e-01,2.885933518409729004e-01,2.901611924171447754e-01,3.117290139198303223e-01,2.694832384586334229e-01,2.625155448913574219e-01,2.770359814167022705e-01,2.652063071727752686e-01,3.149952292442321777e-01,3.060019612312316895e-01,2.776310145854949951e-01,2.861586809158325195e-01,3.079802989959716797e-01,2.629113495349884033e-01,2.694525718688964844e-01,2.818772196769714355e-01,2.746445536613464355e-01,2.906737625598907471e-01,2.908018827438354492e-01,3.066631555557250977e-01,2.689771056175231934e-01,2.696020603179931641e-01,2.638595700263977051e-01,2.926206588745117188e-01,2.597817480564117432e-01,3.194147050380706787e-01,2.542182505130767822e-01,2.808023989200592041e-01,2.954168915748596191e-01,2.798418998718261719e-01,2.547551691532135010e-01,2.615139782428741455e-01,3.147636055946350098e-01,2.927822470664978027e-01,3.050595521926879883e-01,3.179597854614257812e-01,2.929560542106628418e-01,3.289045095443725586e-01,3.018147647380828857e-01,2.889633178710937500e-01,2.801581025123596191e-01,2.628477215766906738e-01,2.617663145065307617e-01,2.973861992359161377e-01,2.901092171669006348e-01,2.825580835342407227e-01,2.357972115278244019e-01,2.896834909915924072e-01,2.823101282119750977e-01,2.913754880428314209e-01,2.984218895435333252e-01,3.572601079940795898e-01,3.189924657344818115e-01,2.532861232757568359e-01,3.206717669963836670e-01,2.820783257484436035e-01,2.734862565994262695e-01,2.876133918762207031e-01,2.580254971981048584e-01,2.576586604118347168e-01,3.188377022743225098e-01,2.811228334903717041e-01,3.150579929351806641e-01,2.498373687267303467e-01,2.491932362318038940e-01,3.211106061935424805e-01,3.188109099864959717e-01,3.198277056217193604e-01,2.359489649534225464e-01,3.001832365989685059e-01,3.037887215614318848e-01,2.757907509803771973e-01,3.047697842121124268e-01,2.526710331439971924e-01,3.181449472904205322e-01,3.177241683006286621e-01,3.044824600219726562e-01,2.610190808773040771e-01,3.027514815330505371e-01,2.676122784614562988e-01,2.541173398494720459e-01,3.090611100196838379e-01,2.775624394416809082e-01,3.182881474494934082e-01,2.922522425651550293e-01,3.153021931648254395e-01,2.541036009788513184e-01,2.906796634197235107e-01,2.887867093086242676e-01,3.142010867595672607e-01,2.839968502521514893e-01,3.369617462158203125e-01,2.942280173301696777e-01,2.900207638740539551e-01,2.955841720104217529e-01,2.597909867763519287e-01,2.804242968559265137e-01,3.199126720428466797e-01,2.881837785243988037e-01,2.657785415649414062e-01,2.496005892753601074e-01,3.021542429924011230e-01,2.529657781124114990e-01,2.752454876899719238e-01,3.001301288604736328e-01,3.238341808319091797e-01,2.987734377384185791e-01,3.130139708518981934e-01,2.738325297832489014e-01,3.382271230220794678e-01,2.332925796508789062e-01,3.210502564907073975e-01,2.479567378759384155e-01,3.334927558898925781e-01,2.578597664833068848e-01,2.831506431102752686e-01,3.020072579383850098e-01,2.537737190723419189e-01,2.809623181819915771e-01,2.853523194789886475e-01,3.311989605426788330e-01,2.930055856704711914e-01,3.147667050361633301e-01,2.867841720581054688e-01,2.525576949119567871e-01,2.885537147521972656e-01,3.021932542324066162e-01,2.915346026420593262e-01,2.192118018865585327e-01,3.089876174926757812e-01,2.484831809997558594e-01,3.195043802261352539e-01,3.326628804206848145e-01,2.648552060127258301e-01,2.981189787387847900e-01,2.792633175849914551e-01,2.651282846927642822e-01,2.674885690212249756e-01,3.189796209335327148e-01,2.599493265151977539e-01,2.695756852626800537e-01,2.990660965442657471e-01,2.679217755794525146e-01,2.669298648834228516e-01,2.710980176925659180e-01,2.339186519384384155e-01,2.949745059013366699e-01,3.056277632713317871e-01,2.762018740177154541e-01,2.886688113212585449e-01,2.875950038433074951e-01,2.818415462970733643e-01,2.699646949768066406e-01,2.858068645000457764e-01,3.154110908508300781e-01,3.030260801315307617e-01,2.734844982624053955e-01,2.800963521003723145e-01,2.596428990364074707e-01,2.981391549110412598e-01,2.899478077888488770e-01,2.829084992408752441e-01,2.953945100307464600e-01,3.067713677883148193e-01,3.464275300502777100e-01,2.930473089218139648e-01,3.153936862945556641e-01,2.613479495048522949e-01,2.794860899448394775e-01,3.087866306304931641e-01,2.975114285945892334e-01,2.646050751209259033e-01,3.014681637287139893e-01,2.175965160131454468e-01,2.683030068874359131e-01,3.096321225166320801e-01,2.933844923973083496e-01,2.674477398395538330e-01,2.812150120735168457e-01,2.800642251968383789e-01,3.290193080902099609e-01,2.795644998550415039e-01,2.942074537277221680e-01,3.038740456104278564e-01,2.637172937393188477e-01,3.200905025005340576e-01,2.445840686559677124e-01,3.263086080551147461e-01,3.094093203544616699e-01,2.933982610702514648e-01,2.959159314632415771e-01,2.264349609613418579e-01,2.206686437129974365e-01,2.868964672088623047e-01,2.828448414802551270e-01,2.350306361913681030e-01,2.722848355770111084e-01,3.393872976303100586e-01,3.203479349613189697e-01,2.626817226409912109e-01,3.284345865249633789e-01,2.843763828277587891e-01,2.983566820621490479e-01,3.007832765579223633e-01,3.515779078006744385e-01,3.004266619682312012e-01,3.023855090141296387e-01,2.748391628265380859e-01,2.147960215806961060e-01,2.758882641792297363e-01,2.894799411296844482e-01,2.321391850709915161e-01,2.951418757438659668e-01,2.824210524559020996e-01,2.788717448711395264e-01,2.315403372049331665e-01,2.373258620500564575e-01,2.374994158744812012e-01,3.040904998779296875e-01,3.408014476299285889e-01,2.932869493961334229e-01,2.618485689163208008e-01,2.654062807559967041e-01,2.424149215221405029e-01,2.773522138595581055e-01,2.978548407554626465e-01,3.327735066413879395e-01,2.661954760551452637e-01,2.988331913948059082e-01,3.197171092033386230e-01,2.568523585796356201e-01,2.766910791397094727e-01,2.383671104907989502e-01,2.796963453292846680e-01,2.768138647079467773e-01,3.322418332099914551e-01,2.784371972084045410e-01,2.666012644767761230e-01,2.420169413089752197e-01,2.876996994018554688e-01,2.958843111991882324e-01,2.816534042358398438e-01,2.570297718048095703e-01,2.796642184257507324e-01,2.545737922191619873e-01,2.472805827856063843e-01,2.758979201316833496e-01,3.006831407546997070e-01,3.313380181789398193e-01,2.533408105373382568e-01,2.996480762958526611e-01,2.701938748359680176e-01,2.727977335453033447e-01,2.446237653493881226e-01,2.973598837852478027e-01,2.759349942207336426e-01,2.425647675991058350e-01,2.472498714923858643e-01,2.820166945457458496e-01,3.328893184661865234e-01,2.572855651378631592e-01,2.674410939216613770e-01,3.127101659774780273e-01,2.687035202980041504e-01,2.717041969299316406e-01,2.531687021255493164e-01,2.844975888729095459e-01,2.705889642238616943e-01,2.539034187793731689e-01,2.725314795970916748e-01,2.432343065738677979e-01,2.746610343456268311e-01,2.892278730869293213e-01,2.814223468303680420e-01,2.785917520523071289e-01,2.426305413246154785e-01,2.550832629203796387e-01,2.813666760921478271e-01,2.934979200363159180e-01,2.435037940740585327e-01,3.226442039012908936e-01,2.840910255908966064e-01,2.835882306098937988e-01,3.507927060127258301e-01,2.691088318824768066e-01,2.518251836299896240e-01,2.875362038612365723e-01,2.442196905612945557e-01,2.612994015216827393e-01,2.760872840881347656e-01,3.174196481704711914e-01,2.553267180919647217e-01,2.734432816505432129e-01,3.130865991115570068e-01,2.389666885137557983e-01,3.171290755271911621e-01,2.552992105484008789e-01,2.941761612892150879e-01,2.648966610431671143e-01,2.128063887357711792e-01,3.079430460929870605e-01,2.947533726692199707e-01,2.741742134094238281e-01,2.494023144245147705e-01,2.583740353584289551e-01,2.678511142730712891e-01,2.923016846179962158e-01,3.037993907928466797e-01,2.611854672431945801e-01,2.395220398902893066e-01,2.665663659572601318e-01,3.366264700889587402e-01,2.956159710884094238e-01,2.394209653139114380e-01,2.885991632938385010e-01,2.871885895729064941e-01,2.311861962080001831e-01,2.553981840610504150e-01,3.055970072746276855e-01,2.632601559162139893e-01,3.002963066101074219e-01,2.813164889812469482e-01,3.190822601318359375e-01,3.041605651378631592e-01,2.907419800758361816e-01,2.576777040958404541e-01,3.000727295875549316e-01,2.851063609123229980e-01,2.799174785614013672e-01,3.257529735565185547e-01,2.719082236289978027e-01,2.578143775463104248e-01,2.954403162002563477e-01,2.584347426891326904e-01,2.689878046512603760e-01,3.022246360778808594e-01,3.080245852470397949e-01,3.117397725582122803e-01,2.539096772670745850e-01,2.631154656410217285e-01,2.951722741127014160e-01,2.956558465957641602e-01,2.585134208202362061e-01,2.707828283309936523e-01,2.183647602796554565e-01,2.909629344940185547e-01,3.629584312438964844e-01,3.043666183948516846e-01,2.861641347408294678e-01,2.935574650764465332e-01,3.116641044616699219e-01,3.533079624176025391e-01,3.209881186485290527e-01,2.950670123100280762e-01,2.769219577312469482e-01,2.645058035850524902e-01,2.534764409065246582e-01,3.072214722633361816e-01,2.722293734550476074e-01,2.683562040328979492e-01,3.659549355506896973e-01,3.189087510108947754e-01,2.562303245067596436e-01,2.597500383853912354e-01,2.377293258905410767e-01,2.309557348489761353e-01,2.924799323081970215e-01,2.789366841316223145e-01,2.994930148124694824e-01,2.681664526462554932e-01,2.755941748619079590e-01,2.298195213079452515e-01,2.480561435222625732e-01,3.182055354118347168e-01,2.728593349456787109e-01,3.448261320590972900e-01,3.153690993785858154e-01,2.965236902236938477e-01,2.744069099426269531e-01,2.903437614440917969e-01,2.902815341949462891e-01,2.533791363239288330e-01,2.356875687837600708e-01,2.862935364246368408e-01,2.581527233123779297e-01,3.003318309783935547e-01,2.500363588333129883e-01,2.351811975240707397e-01,2.510266900062561035e-01,2.561716139316558838e-01,2.692147493362426758e-01,2.701282501220703125e-01,2.800098061561584473e-01,2.432275563478469849e-01,3.305509686470031738e-01,3.052416443824768066e-01,2.683992385864257812e-01,2.196800857782363892e-01,2.999675273895263672e-01,2.268518060445785522e-01,2.532079219818115234e-01,2.630781829357147217e-01,2.577502727508544922e-01,2.646114826202392578e-01,2.515829205513000488e-01,2.920779585838317871e-01,3.201572895050048828e-01,2.373958379030227661e-01,2.999196648597717285e-01,3.016021549701690674e-01,3.287893533706665039e-01,3.248348832130432129e-01,2.841788232326507568e-01,2.432435601949691772e-01,2.697218954563140869e-01,2.349420487880706787e-01,2.071596384048461914e-01,3.121892213821411133e-01,1.889941096305847168e-01,3.123302459716796875e-01,2.846356034278869629e-01,3.007724881172180176e-01,2.316945493221282959e-01,3.128077387809753418e-01,2.794257104396820068e-01,2.964512109756469727e-01,2.862027883529663086e-01,2.763364315032958984e-01,3.509300947189331055e-01,2.955505549907684326e-01,2.719538807868957520e-01,2.702793776988983154e-01,3.501336276531219482e-01,2.793779671192169189e-01,2.449553906917572021e-01,2.864693105220794678e-01,2.399176210165023804e-01,2.876330018043518066e-01,2.730759382247924805e-01,2.791379094123840332e-01,2.584964632987976074e-01,2.787337005138397217e-01,2.777709066867828369e-01,2.850552201271057129e-01,2.803405821323394775e-01,2.682202756404876709e-01,3.027566671371459961e-01,2.576991021633148193e-01,3.152298927307128906e-01,2.358786314725875854e-01,2.280168980360031128e-01,2.924299538135528564e-01,2.583382725715637207e-01,3.070890903472900391e-01,3.056927323341369629e-01,3.004214763641357422e-01,2.553838789463043213e-01,2.674996852874755859e-01,2.941464185714721680e-01,2.723087668418884277e-01,2.648021280765533447e-01,2.880784273147583008e-01,2.665851116180419922e-01,2.668594419956207275e-01,2.978274822235107422e-01,2.857636809349060059e-01,3.050927519798278809e-01,2.812014222145080566e-01,2.409127801656723022e-01,2.900287508964538574e-01,3.046639263629913330e-01,2.839414477348327637e-01,2.554584443569183350e-01,3.104221820831298828e-01,2.547163963317871094e-01,3.061915636062622070e-01,2.709925770759582520e-01,3.072080612182617188e-01,2.787886857986450195e-01,3.213654756546020508e-01,2.552554905414581299e-01,2.921988070011138916e-01,3.046911656856536865e-01,2.973127365112304688e-01,3.061405420303344727e-01,2.739888727664947510e-01,3.148233890533447266e-01,3.710929751396179199e-01,3.590195775032043457e-01,2.599548399448394775e-01,2.579297125339508057e-01,3.040684461593627930e-01,2.729443907737731934e-01,2.676059603691101074e-01,2.844130396842956543e-01,2.671484351158142090e-01,2.777507305145263672e-01,2.680029273033142090e-01,3.062518239021301270e-01,3.026911616325378418e-01,2.891562581062316895e-01,2.455533295869827271e-01,3.355377316474914551e-01,2.623307704925537109e-01,2.769449055194854736e-01,2.872092127799987793e-01,3.300369977951049805e-01,2.819364964962005615e-01,3.014492988586425781e-01,3.084552586078643799e-01,2.725009322166442871e-01,2.537540793418884277e-01,2.555369436740875244e-01,2.588849067687988281e-01,3.107902407646179199e-01,2.923653125762939453e-01,2.690835893154144287e-01,2.368851900100708008e-01,2.824211716651916504e-01,2.943556308746337891e-01,3.006174564361572266e-01,2.426777631044387817e-01,2.535529434680938721e-01,2.774013876914978027e-01,2.596366703510284424e-01,2.838203907012939453e-01,2.723937630653381348e-01,2.815372347831726074e-01,2.993521690368652344e-01,2.444725185632705688e-01,2.617223262786865234e-01,3.201207518577575684e-01,2.934431135654449463e-01,2.444535493850708008e-01,2.745296955108642578e-01,2.761520743370056152e-01,2.679215073585510254e-01,3.048672676086425781e-01,2.479908615350723267e-01,3.291942477226257324e-01,2.845206558704376221e-01,2.881492078304290771e-01,2.808450758457183838e-01,2.751365900039672852e-01,2.422534376382827759e-01,2.359623610973358154e-01,2.934036254882812500e-01,2.576034963130950928e-01,3.072609603404998779e-01,2.630838453769683838e-01,2.812000513076782227e-01,2.550568282604217529e-01,2.561537623405456543e-01,2.788203954696655273e-01,2.964531183242797852e-01,3.315218389034271240e-01,3.415828049182891846e-01,3.347847461700439453e-01,2.633075714111328125e-01,2.752889394760131836e-01,2.665261626243591309e-01,2.879671156406402588e-01,2.792575061321258545e-01,3.119079768657684326e-01,2.949208319187164307e-01,2.868677079677581787e-01,3.007982671260833740e-01,3.183138370513916016e-01,2.543878257274627686e-01,2.792721986770629883e-01,2.265239506959915161e-01,2.655351161956787109e-01,3.184995651245117188e-01,3.047269582748413086e-01,3.110574483871459961e-01,3.519500494003295898e-01,2.926763892173767090e-01,2.954803407192230225e-01,3.144763112068176270e-01,3.035853803157806396e-01,3.184338808059692383e-01,2.400485724210739136e-01,3.280970156192779541e-01,2.737873196601867676e-01,2.497328072786331177e-01,2.184153199195861816e-01,2.426245212554931641e-01,3.150630593299865723e-01,2.706387341022491455e-01,2.880792617797851562e-01,3.163974881172180176e-01,3.226503431797027588e-01,2.762052118778228760e-01,2.567483782768249512e-01,3.422995805740356445e-01,2.864774465560913086e-01,2.720381021499633789e-01,3.031334280967712402e-01,2.583415508270263672e-01,2.878983616828918457e-01,2.504734396934509277e-01,2.929198145866394043e-01,2.649953961372375488e-01,3.100062906742095947e-01,3.206110894680023193e-01,2.550172805786132812e-01,2.942343950271606445e-01,2.527485787868499756e-01,3.121620416641235352e-01,2.716898322105407715e-01,2.730284631252288818e-01,2.266602367162704468e-01,2.755989432334899902e-01,2.388992160558700562e-01,2.735465168952941895e-01,3.279334902763366699e-01,2.526371777057647705e-01,3.287751078605651855e-01,2.800412774085998535e-01,2.999918460845947266e-01,2.478352934122085571e-01,2.804828286170959473e-01,2.424111217260360718e-01,2.628746628761291504e-01,2.783388495445251465e-01,2.656014263629913330e-01,2.751857638359069824e-01,2.916383445262908936e-01,2.712990939617156982e-01,2.799846529960632324e-01,2.805564999580383301e-01,3.431310653686523438e-01,2.479405701160430908e-01,2.797562181949615479e-01,2.956780791282653809e-01,2.828064262866973877e-01,3.024826645851135254e-01,2.680383324623107910e-01,2.422033995389938354e-01,2.752299606800079346e-01,3.044107556343078613e-01,2.456243485212326050e-01,2.803277075290679932e-01,2.825419306755065918e-01,2.833843231201171875e-01,3.191186785697937012e-01,2.290026992559432983e-01,3.031379878520965576e-01,2.751304507255554199e-01,3.065490424633026123e-01,2.978924512863159180e-01,3.119687736034393311e-01,2.111870497465133667e-01,2.497466951608657837e-01,2.843179106712341309e-01,3.634292185306549072e-01,2.559740841388702393e-01,2.657631933689117432e-01,2.472963184118270874e-01,2.919918298721313477e-01,2.303247004747390747e-01,2.950723767280578613e-01,2.841572761535644531e-01,2.530694007873535156e-01,3.109152019023895264e-01,2.829161882400512695e-01,3.396650552749633789e-01,3.001534044742584229e-01,2.706553339958190918e-01,2.616802453994750977e-01,2.774271368980407715e-01,2.851591110229492188e-01,2.718952596187591553e-01,3.036954998970031738e-01,2.754629254341125488e-01,2.132977396249771118e-01,2.969880402088165283e-01,2.522582709789276123e-01,2.618275880813598633e-01,2.738304138183593750e-01,3.151834309101104736e-01,2.665028572082519531e-01,2.952068448066711426e-01,2.736653089523315430e-01,2.378275543451309204e-01,2.703444361686706543e-01,2.963255941867828369e-01,2.268843799829483032e-01,3.086280226707458496e-01,2.702310383319854736e-01,2.823169827461242676e-01,2.554896771907806396e-01,2.631039619445800781e-01,2.505484521389007568e-01,2.919663786888122559e-01,2.583461999893188477e-01,2.934870719909667969e-01,2.729263901710510254e-01,3.063096404075622559e-01,3.187128901481628418e-01,2.506987154483795166e-01,2.869544029235839844e-01,3.010954856872558594e-01,2.714973092079162598e-01,2.896111607551574707e-01,2.521867454051971436e-01,2.877323031425476074e-01,2.665953934192657471e-01,2.785465121269226074e-01,2.561091780662536621e-01,3.086099326610565186e-01,2.626231312751770020e-01,2.813164889812469482e-01,2.987011075019836426e-01,2.732012867927551270e-01,2.712435424327850342e-01,2.854005098342895508e-01,2.617192566394805908e-01,2.877930402755737305e-01,2.463417351245880127e-01,2.627117335796356201e-01,2.520368695259094238e-01,2.820068597793579102e-01,2.569555044174194336e-01,2.712213993072509766e-01,2.929155230522155762e-01,2.800894975662231445e-01,2.695066332817077637e-01,2.701060771942138672e-01,2.746037840843200684e-01,2.796253859996795654e-01,2.955565154552459717e-01,2.697015106678009033e-01,2.663944959640502930e-01,2.913557291030883789e-01,3.142492771148681641e-01,2.688064277172088623e-01,2.677944600582122803e-01,2.954312562942504883e-01,2.632349729537963867e-01,2.652994096279144287e-01,2.702405452728271484e-01,2.556588351726531982e-01,2.622420489788055420e-01,2.654799222946166992e-01,2.868735790252685547e-01,3.294589817523956299e-01,2.668068706989288330e-01,3.184016346931457520e-01,2.890204191207885742e-01,2.643038928508758545e-01,2.775219976902008057e-01,3.077285885810852051e-01,3.260620832443237305e-01,2.784435451030731201e-01,2.844570279121398926e-01,2.801971733570098877e-01,2.803612351417541504e-01,3.013052344322204590e-01,3.037163913249969482e-01,3.152258694171905518e-01,3.264383971691131592e-01,2.764866650104522705e-01,2.825899422168731689e-01,2.635608911514282227e-01,2.581180036067962646e-01,2.765352129936218262e-01,2.863690853118896484e-01,3.022578954696655273e-01,3.125417232513427734e-01,2.629123032093048096e-01,3.094154298305511475e-01,2.610431909561157227e-01,2.780163884162902832e-01,3.233192563056945801e-01,2.417738884687423706e-01,3.072978258132934570e-01,2.683536410331726074e-01,3.043787479400634766e-01,3.003050684928894043e-01,2.806662917137145996e-01,2.853237390518188477e-01,2.908408045768737793e-01,1.974742561578750610e-01,2.847796380519866943e-01,2.563632130622863770e-01,3.373646736145019531e-01,2.179891020059585571e-01,3.028956949710845947e-01,2.630842328071594238e-01,3.043984174728393555e-01,2.289615273475646973e-01,2.673943936824798584e-01,2.615305781364440918e-01,3.208990395069122314e-01,2.489842921495437622e-01,3.249793648719787598e-01,2.382949143648147583e-01,2.698460519313812256e-01,2.641000151634216309e-01,3.151622116565704346e-01,2.798193991184234619e-01,2.725984454154968262e-01,2.848684489727020264e-01,2.812287509441375732e-01,2.945355176925659180e-01,2.589900493621826172e-01,2.747834026813507080e-01,2.666759490966796875e-01,2.862195968627929688e-01,2.651930749416351318e-01,2.960740625858306885e-01,2.805909812450408936e-01,2.550788819789886475e-01,2.855101227760314941e-01,2.378918528556823730e-01,2.567436099052429199e-01,2.816429436206817627e-01,2.248317450284957886e-01,2.982941567897796631e-01,2.957123517990112305e-01,2.787959575653076172e-01,2.545947432518005371e-01,2.881148755550384521e-01,3.011823296546936035e-01,2.702325880527496338e-01,2.971130609512329102e-01,2.593639791011810303e-01,2.716279029846191406e-01,2.848623394966125488e-01,3.144654333591461182e-01,2.387473434209823608e-01,3.256963193416595459e-01,2.789065539836883545e-01,3.056086301803588867e-01,2.810101509094238281e-01,2.456592768430709839e-01,2.907056212425231934e-01,2.961435019969940186e-01,3.020556867122650146e-01,3.496707081794738770e-01,2.666385769844055176e-01,2.901174426078796387e-01,2.628663182258605957e-01,2.964125871658325195e-01,3.342607617378234863e-01,2.966184616088867188e-01,2.426339834928512573e-01,2.813757658004760742e-01,2.939041852951049805e-01,2.854714989662170410e-01,2.801455259323120117e-01,2.958903908729553223e-01,2.867844998836517334e-01,2.535177171230316162e-01,2.980108261108398438e-01,2.905583679676055908e-01,2.985084950923919678e-01,2.882337570190429688e-01,3.086833059787750244e-01,3.113912045955657959e-01,3.034517467021942139e-01,3.135021030902862549e-01,2.621867656707763672e-01,2.692432105541229248e-01,2.301171869039535522e-01,2.632562518119812012e-01,3.013647794723510742e-01,2.557939291000366211e-01,2.418361455202102661e-01,3.346203267574310303e-01,2.686078548431396484e-01,2.817940115928649902e-01,2.586488723754882812e-01,2.399789988994598389e-01,2.099569439888000488e-01,3.080092370510101318e-01,2.517505586147308350e-01,2.664054036140441895e-01,2.921574115753173828e-01,2.728127837181091309e-01,3.661454021930694580e-01,3.289040327072143555e-01,2.642911672592163086e-01,2.519204616546630859e-01,2.944145500659942627e-01,2.933440506458282471e-01,3.337766230106353760e-01,2.839556336402893066e-01,2.738147675991058350e-01,2.677283883094787598e-01,2.769696116447448730e-01,2.663130462169647217e-01,2.610168755054473877e-01,2.671331763267517090e-01,2.633752822875976562e-01,2.562984526157379150e-01,2.576011419296264648e-01,2.792887091636657715e-01,2.319555729627609253e-01,2.559888660907745361e-01,2.732895910739898682e-01,3.170972466468811035e-01,2.743406295776367188e-01,2.783387303352355957e-01,2.613606154918670654e-01,2.472492009401321411e-01,2.717336118221282959e-01,2.903580665588378906e-01,2.764693498611450195e-01,3.492861688137054443e-01,2.505915462970733643e-01,2.739207744598388672e-01,2.606070041656494141e-01,2.989416420459747314e-01,2.815495729446411133e-01,2.932296097278594971e-01,3.127387166023254395e-01,3.678899407386779785e-01,2.854988574981689453e-01,3.107403814792633057e-01,3.134316802024841309e-01,2.911655604839324951e-01,2.949146628379821777e-01,2.835779786109924316e-01,2.616384327411651611e-01,3.005664646625518799e-01,2.262410968542098999e-01,2.766436338424682617e-01,2.804563939571380615e-01,2.688672542572021484e-01,2.837466001510620117e-01,3.399620056152343750e-01,2.642408609390258789e-01,2.689009308815002441e-01,3.300493359565734863e-01,2.899722456932067871e-01,2.869194149971008301e-01,2.462454587221145630e-01,2.451008856296539307e-01,2.824529409408569336e-01,2.891134023666381836e-01,2.790179252624511719e-01,2.322535961866378784e-01,2.836868166923522949e-01,2.627643644809722900e-01,2.972128987312316895e-01,2.922192513942718506e-01,3.211277127265930176e-01,3.017840981483459473e-01,2.701643109321594238e-01,2.946913540363311768e-01,3.209146261215209961e-01,2.825444638729095459e-01,2.735795676708221436e-01,3.288772404193878174e-01,3.201906681060791016e-01,3.034774363040924072e-01,3.093906342983245850e-01,3.243739008903503418e-01,2.942509055137634277e-01,2.692355513572692871e-01,2.741756737232208252e-01,3.165795803070068359e-01,2.719346880912780762e-01,2.595218420028686523e-01,2.867724895477294922e-01,2.258449941873550415e-01,3.018906712532043457e-01,2.388930916786193848e-01,2.615827322006225586e-01,2.842239439487457275e-01,3.635299205780029297e-01,2.523767650127410889e-01,2.625833451747894287e-01,2.860888838768005371e-01,3.022366762161254883e-01,2.615350782871246338e-01,2.697581052780151367e-01,2.679023742675781250e-01,2.795031666755676270e-01,3.138309717178344727e-01,2.838708758354187012e-01,2.840653061866760254e-01,3.337203860282897949e-01,2.717776298522949219e-01,2.815067768096923828e-01,2.805111110210418701e-01,3.026469349861145020e-01,2.546855807304382324e-01,2.953027188777923584e-01,3.211769163608551025e-01,3.046220541000366211e-01,2.734085023403167725e-01,3.040143549442291260e-01,2.827656269073486328e-01,2.936411499977111816e-01,3.429919779300689697e-01,3.332078754901885986e-01,3.044376075267791748e-01,3.121354877948760986e-01,2.687175869941711426e-01,2.744053900241851807e-01,2.702305614948272705e-01,3.030305802822113037e-01,2.526032626628875732e-01,2.665398716926574707e-01,2.796068191528320312e-01,3.025827109813690186e-01,3.366401791572570801e-01,2.869430184364318848e-01,3.091704845428466797e-01,2.550233006477355957e-01,2.963268756866455078e-01,3.132279217243194580e-01,2.605274617671966553e-01,3.109030425548553467e-01,2.608398199081420898e-01,2.686512470245361328e-01,2.526226341724395752e-01,2.908833622932434082e-01,2.716487050056457520e-01,2.599867880344390869e-01,2.957460284233093262e-01,2.816994786262512207e-01,3.421011567115783691e-01,2.726035118103027344e-01,3.031463027000427246e-01,2.982750236988067627e-01,2.904162406921386719e-01,2.654883265495300293e-01,2.484605759382247925e-01,2.847394943237304688e-01,3.564659059047698975e-01,2.845810949802398682e-01,2.577825188636779785e-01,3.428320288658142090e-01,2.890702486038208008e-01,2.895980775356292725e-01,3.195537626743316650e-01,2.770373225212097168e-01,3.037039637565612793e-01,3.001873493194580078e-01,2.948284149169921875e-01,2.753735184669494629e-01,2.784411311149597168e-01,2.712455391883850098e-01,3.011277914047241211e-01,2.855448126792907715e-01,2.460196465253829956e-01,2.817107737064361572e-01,3.353318572044372559e-01,3.491640090942382812e-01,2.708872556686401367e-01,2.761332392692565918e-01,2.537108361721038818e-01,3.042426109313964844e-01,2.805364429950714111e-01,2.870531976222991943e-01,2.950314879417419434e-01,2.726540565490722656e-01,2.646797597408294678e-01,2.969584167003631592e-01,2.596809566020965576e-01,2.754509449005126953e-01,1.805072277784347534e-01,2.727562785148620605e-01,2.812744379043579102e-01,3.030923604965209961e-01,3.017733693122863770e-01,2.683892846107482910e-01,2.267747819423675537e-01,2.696926295757293701e-01,3.211702108383178711e-01,3.161858320236206055e-01,2.711952328681945801e-01,3.142103850841522217e-01,2.996098995208740234e-01,3.079960942268371582e-01,2.888627648353576660e-01,2.975980341434478760e-01,2.449574917554855347e-01,2.890132069587707520e-01,2.702269256114959717e-01,2.983924448490142822e-01,2.841660380363464355e-01,2.781737148761749268e-01,2.914530932903289795e-01,2.890896201133728027e-01,2.973611354827880859e-01,2.859072685241699219e-01,2.910969853401184082e-01,2.677490711212158203e-01,2.628172934055328369e-01,2.621710002422332764e-01,2.780298292636871338e-01,2.668946385383605957e-01,2.788668274879455566e-01,3.027419745922088623e-01,3.182700276374816895e-01,2.664932310581207275e-01,2.618920207023620605e-01,3.576524555683135986e-01,3.075715303421020508e-01,2.614791989326477051e-01,3.200147151947021484e-01,3.352969288825988770e-01,2.496965825557708740e-01,2.548574209213256836e-01,2.712900936603546143e-01,3.264176249504089355e-01,2.797506749629974365e-01,2.706602513790130615e-01,3.247352242469787598e-01,2.867069244384765625e-01,2.816343009471893311e-01,2.682826519012451172e-01,2.694683969020843506e-01,2.512490153312683105e-01,3.272027373313903809e-01,2.821976542472839355e-01,2.839013338088989258e-01,2.677111625671386719e-01,2.646458148956298828e-01,3.294126987457275391e-01,2.771244049072265625e-01,2.576157450675964355e-01,3.206861019134521484e-01,3.015468716621398926e-01,2.890497446060180664e-01,2.748084366321563721e-01,3.253298401832580566e-01,3.087396323680877686e-01,2.607498764991760254e-01,2.727766931056976318e-01,2.968163192272186279e-01,3.050650954246520996e-01,3.087676465511322021e-01,3.171662688255310059e-01,2.783288359642028809e-01,2.303127646446228027e-01,3.205255270004272461e-01,3.125826716423034668e-01,2.342301607131958008e-01,2.851879596710205078e-01,2.393854260444641113e-01,2.666680812835693359e-01,2.982000708580017090e-01,2.962115108966827393e-01,3.012386560440063477e-01,2.956702113151550293e-01,3.462897241115570068e-01,3.125857710838317871e-01,2.570022344589233398e-01,2.321570068597793579e-01,3.132159113883972168e-01,2.767543196678161621e-01,3.208274543285369873e-01,2.850239872932434082e-01,2.618330419063568115e-01,2.816011309623718262e-01,3.118489384651184082e-01,2.813566029071807861e-01,2.598926424980163574e-01,2.625507712364196777e-01,2.989271879196166992e-01,2.863750159740447998e-01,2.683013081550598145e-01,2.312992066144943237e-01,2.916567325592041016e-01,3.112299442291259766e-01,2.427554279565811157e-01,3.038459122180938721e-01,2.523041069507598877e-01,2.661266326904296875e-01,2.859802246093750000e-01,2.687625288963317871e-01,3.133818507194519043e-01,2.828558981418609619e-01,2.755500972270965576e-01,2.705249786376953125e-01,3.232454657554626465e-01,2.875219583511352539e-01,2.598382532596588135e-01,2.814434766769409180e-01,2.918455004692077637e-01,3.029714822769165039e-01,2.748062014579772949e-01,3.215948939323425293e-01,2.885441482067108154e-01,3.080952465534210205e-01,2.738012075424194336e-01,3.288352489471435547e-01,2.525108456611633301e-01,2.662380039691925049e-01,2.623357176780700684e-01,2.463559210300445557e-01,2.945071756839752197e-01,2.995485663414001465e-01,3.327343761920928955e-01,3.437492847442626953e-01,2.738019227981567383e-01,2.979509532451629639e-01,2.342440038919448853e-01,2.739975750446319580e-01,2.568182647228240967e-01,2.699203491210937500e-01,2.968788146972656250e-01,2.699815928936004639e-01,2.593066394329071045e-01,2.725194692611694336e-01,2.403172850608825684e-01,3.268249928951263428e-01,2.560532391071319580e-01,2.972639799118041992e-01,2.944263815879821777e-01,2.483545392751693726e-01,2.750784158706665039e-01,2.996653914451599121e-01,2.799603044986724854e-01,3.308301568031311035e-01,2.490690201520919800e-01,3.313083648681640625e-01,2.802491784095764160e-01,2.918460369110107422e-01,2.290592044591903687e-01,3.053408861160278320e-01,2.468197643756866455e-01,2.633285522460937500e-01,2.212839275598526001e-01,2.194111198186874390e-01,3.070100247859954834e-01,2.908796072006225586e-01,2.570971250534057617e-01,2.905071377754211426e-01,2.698139846324920654e-01,3.421666026115417480e-01,2.674787044525146484e-01,2.668519616127014160e-01,3.191494643688201904e-01,2.769680619239807129e-01,3.163977563381195068e-01,3.313761651515960693e-01,2.651647329330444336e-01,2.999503016471862793e-01,3.334302902221679688e-01,3.185464739799499512e-01,2.447073161602020264e-01,2.459621429443359375e-01,2.779409587383270264e-01,3.745254278182983398e-01,2.681481838226318359e-01,2.865549027919769287e-01,3.206265568733215332e-01
